user_id,total_tweets,suspended
14875497.0,1,0
1.26941168040188e+18,1,0
1.26954908511309e+18,1,0
1.26977813126471e+18,1,0
1.26977945951688e+18,1,0
1.26982124139062e+18,1,0
1.26985616448278e+18,1,0
1.26992668711188e+18,1,0
1.26995295086625e+18,1,0
1.27017528049845e+18,1,0
1.2703619740697e+18,1,0
1.27043846835164e+18,1,0
1.26931546368892e+18,1,0
1.2704684056074e+18,1,0
1.27059717008582e+18,1,0
1.27062738849424e+18,1,0
1.27064304263098e+18,1,0
1.27067682384881e+18,1,0
1.27073505479314e+18,1,0
1.27090855926664e+18,1,0
1.27111703663106e+18,1,0
1.27112397603137e+18,1,0
1.27129413666717e+18,1,0
1.2713628640922e+18,1,0
1.27140944428328e+18,1,0
1.27054308950197e+18,1,0
1.27142451409039e+18,1,0
1.26926470669243e+18,1,0
1.26922356512937e+18,1,0
1.26827502624091e+18,1,0
1.26847821745688e+18,1,0
1.2684803506463e+18,1,0
1.2685178318068e+18,1,0
1.26852229167723e+18,1,0
1.26852258555107e+18,1,0
1.26852304353126e+18,1,0
1.26859739180172e+18,1,0
1.2686914294272e+18,1,0
1.26873579651898e+18,1,0
1.26874410920173e+18,1,0
1.26925586175233e+18,1,0
1.26876614216585e+18,1,0
1.26886310294846e+18,1,1
1.26886997271485e+18,1,0
1.26893845889199e+18,1,0
1.26895671733053e+18,1,0
1.26898802981906e+18,1,0
1.26905989428147e+18,1,0
1.26909349893186e+18,1,0
1.26909997486177e+18,1,0
1.26910108975388e+18,1,0
1.2691539048659e+18,1,0
1.26918860473716e+18,1,0
1.26881304536028e+18,1,0
1.26824715015413e+18,1,0
1.27144129095402e+18,1,0
1.27150865430759e+18,1,0
1.27239687121086e+18,1,0
1.27242288598698e+18,1,0
1.27244551401798e+18,1,0
1.27245515582108e+18,1,0
1.27252813131261e+18,1,0
1.27255212162021e+18,1,0
1.27258183582693e+18,1,0
1.27260841817233e+18,1,0
1.27271352761939e+18,1,0
1.27280787992221e+18,1,0
1.27282796456922e+18,1,0
1.27237364894339e+18,1,0
1.273143260719e+18,1,0
1.2733781392305e+18,1,0
1.27344103915255e+18,1,0
1.27358735673869e+18,1,0
1.27364923919376e+18,1,0
1.27365430364391e+18,1,0
1.27385426365178e+18,1,0
1.27391501535601e+18,1,0
1.27394903141312e+18,1,0
1.27395451318388e+18,1,0
1.27395683348562e+18,1,0
1.27396125921867e+18,1,0
1.2732519836007e+18,1,0
1.27150189955302e+18,1,0
1.27236478996924e+18,1,0
1.27229886947756e+18,1,0
1.27151220944152e+18,1,0
1.27154535205172e+18,1,0
1.27158964369634e+18,1,0
1.27163620745845e+18,1,0
1.27167700377147e+18,1,0
1.27173759977062e+18,1,0
1.27175127076467e+18,1,1
1.27175810198569e+18,1,0
1.27177093323403e+18,1,0
1.27178518031159e+18,1,0
1.27180570806593e+18,1,0
1.27231064009544e+18,1,0
1.27183432944291e+18,1,0
1.27186529398865e+18,1,0
1.27190715623792e+18,1,0
1.27195654707003e+18,1,0
1.27198816117927e+18,1,0
1.27200541321546e+18,1,0
1.27205494333194e+18,1,0
1.27212298042492e+18,1,0
1.27213739508163e+18,1,0
1.27214981098061e+18,1,0
1.27218842202791e+18,1,0
1.27219963631754e+18,1,0
1.27185496590931e+18,1,0
1.26823932102021e+18,1,0
1.26823365040906e+18,1,0
1.2681396428444e+18,1,0
1.26352769733181e+18,1,0
1.26359827406332e+18,1,0
1.26362069311316e+18,1,0
1.26362473070535e+18,1,0
1.2636381229377e+18,1,0
1.26373202110641e+18,1,0
1.26373448857784e+18,1,0
1.26382075422893e+18,1,0
1.26386232558226e+18,1,0
1.26391088594213e+18,1,0
1.26395129032288e+18,1,0
1.26349819554972e+18,1,0
1.26419054334247e+18,1,0
1.26434145403133e+18,1,0
1.26442726040639e+18,1,0
1.26450036694453e+18,1,0
1.26454211664411e+18,1,0
1.26455741102243e+18,1,0
1.26458931804088e+18,1,0
1.2646039826994e+18,1,0
1.26478851094028e+18,1,0
1.26488362424516e+18,1,0
1.26493575370602e+18,1,0
1.26495144421987e+18,1,0
1.26431008320848e+18,1,0
1.26525994832733e+18,1,0
1.26345022528641e+18,1,0
1.26342995697499e+18,1,0
1.26228148036722e+18,1,0
1.26237217318187e+18,1,0
1.26237584607934e+18,1,0
1.26240853819161e+18,1,0
1.26241657732193e+18,1,0
1.26242090891813e+18,1,0
1.26242297519166e+18,1,0
1.26246832873345e+18,1,0
1.26249304591368e+18,1,0
1.26250487790258e+18,1,0
1.26250669796628e+18,1,0
1.26343456026137e+18,1,0
1.26253056004541e+18,1,0
1.2629092362768e+18,1,0
1.26295596000973e+18,1,0
1.26300807856526e+18,1,0
1.26305484246695e+18,1,0
1.26307008816221e+18,1,0
1.26317140795082e+18,1,0
1.26318022140412e+18,1,0
1.26318592659289e+18,1,0
1.26321674513895e+18,1,0
1.26329095466181e+18,1,0
1.2633992248526e+18,1,0
1.26272499230049e+18,1,0
1.2652792453134e+18,1,0
1.26529836237224e+18,1,0
1.26534975912176e+18,1,0
1.26704163326817e+18,1,0
1.2670573322083e+18,1,0
1.26712953003822e+18,1,1
1.26717876149523e+18,1,0
1.26719130711561e+18,1,0
1.26726434198578e+18,1,0
1.2673265143888e+18,1,0
1.26735036287017e+18,1,0
1.26737088592686e+18,1,0
1.2676071476612e+18,1,0
1.2676449346157e+18,1,0
1.26694994046457e+18,1,0
1.26769793389539e+18,1,0
1.26778452188747e+18,1,0
1.26788224139438e+18,1,0
1.2679322187412e+18,1,0
1.26795951351835e+18,1,0
1.26802501103549e+18,1,0
1.26802777513648e+18,1,0
1.26803095622251e+18,1,0
1.26803728634581e+18,1,0
1.26804047468374e+18,1,0
1.26804129874698e+18,1,0
1.26810983618661e+18,1,0
1.26775167687993e+18,1,0
1.2669291144785e+18,1,0
1.26685357167007e+18,1,0
1.26679960968439e+18,1,0
1.26538803189013e+18,1,0
1.26544905369059e+18,1,0
1.26552967331804e+18,1,0
1.26555191693278e+18,1,0
1.26561883786668e+18,1,0
1.26565795661323e+18,1,0
1.26585366974612e+18,1,0
1.26586905448654e+18,1,0
1.2660024531928e+18,1,0
1.26607205547006e+18,1,0
1.2661395025207e+18,1,0
1.26617261916391e+18,1,0
1.26620471786204e+18,1,0
1.2662459663964e+18,1,0
1.26640430027785e+18,1,0
1.26641589441211e+18,1,0
1.26641605619473e+18,1,0
1.26645180646658e+18,1,0
1.26651081809249e+18,1,0
1.26656691663565e+18,1,0
1.26664158579975e+18,1,0
1.26668736383877e+18,1,0
1.26669003697786e+18,1,0
1.26674444476779e+18,1,0
1.26676467615259e+18,1,0
1.27400057293344e+18,1,0
1.27401229305595e+18,1,0
1.27410711215576e+18,1,0
1.27411531884413e+18,1,0
1.28245569945755e+18,1,0
1.2825714897624e+18,1,0
1.28262571346863e+18,1,0
1.28263759418701e+18,1,0
1.28265931157187e+18,1,0
1.28270448914575e+18,1,0
1.28270624149259e+18,1,0
1.28278043429679e+18,1,0
1.28285927196581e+18,1,0
1.28303271075215e+18,1,0
1.28338850673639e+18,1,0
1.28239629876782e+18,1,0
1.28345919845856e+18,1,0
1.28374107365158e+18,1,0
1.28374309289859e+18,1,0
1.28376362269565e+18,1,0
1.28376869906999e+18,1,0
1.28402549471173e+18,1,0
1.28407405118336e+18,1,0
1.28408101642513e+18,1,0
1.28409211119366e+18,1,0
1.28411947500933e+18,1,0
1.28413866575368e+18,1,0
1.28414012197392e+18,1,0
1.28362438737628e+18,1,0
1.28425199702637e+18,1,0
1.28218049493577e+18,1,0
1.28209654982526e+18,1,0
1.28103711342572e+18,1,0
1.28106451667606e+18,1,0
1.28108490512486e+18,1,0
1.2811078255032e+18,1,0
1.28113721288138e+18,1,0
1.28117112853948e+18,1,0
1.28119523753739e+18,1,0
1.28139841628371e+18,1,0
1.28141177521325e+18,1,0
1.28143600328303e+18,1,0
1.28144628985572e+18,1,0
1.28210990786985e+18,1,0
1.28149555626773e+18,1,0
1.28163752440283e+18,1,0
1.28166830681932e+18,1,0
1.2817719263908e+18,1,0
1.281789767752e+18,1,0
1.28180364038312e+18,1,0
1.2818534623643e+18,1,0
1.28185392883806e+18,1,0
1.28191961051043e+18,1,0
1.28193966008882e+18,1,0
1.28200077868145e+18,1,0
1.28200362443293e+18,1,0
1.28163450905464e+18,1,0
1.28438212696452e+18,1,0
1.28451063162284e+18,1,0
1.28459469712676e+18,1,0
1.28607084255681e+18,1,0
1.2861720918894e+18,1,0
1.28624105663214e+18,1,0
1.28628803443096e+18,1,0
1.28633032113118e+18,1,0
1.28635833315099e+18,1,0
1.28640249762883e+18,1,0
1.28648254893632e+18,1,0
1.28650729853023e+18,1,0
1.28651038412428e+18,1,0
1.28652659609091e+18,1,0
1.28606878425255e+18,1,0
1.28653070297714e+18,1,0
1.28662414235617e+18,1,0
1.28666559254024e+18,1,0
1.28675042139097e+18,1,0
1.28681980025821e+18,1,0
1.28689154796382e+18,1,0
1.28695909821113e+18,1,0
1.28698942942967e+18,1,0
1.28699624604177e+18,1,0
1.28708057355561e+18,1,0
1.28708264228281e+18,1,0
1.2871118818287e+18,1,0
1.28660023503729e+18,1,0
1.28596120757732e+18,1,0
1.28595503143548e+18,1,0
1.28581424455506e+18,1,0
1.28463093180712e+18,1,0
1.2846475538798e+18,1,0
1.2847045400429e+18,1,0
1.28471933120551e+18,1,0
1.28472006625309e+18,1,0
1.2848739865104e+18,1,0
1.28488886572404e+18,1,0
1.28491143402825e+18,1,0
1.28502650756869e+18,1,0
1.28511905617403e+18,1,0
1.28519131342461e+18,1,0
1.28521729930629e+18,1,1
1.28522448000513e+18,1,0
1.28524610485083e+18,1,0
1.28533433863727e+18,1,0
1.28539285102366e+18,1,0
1.28540068739276e+18,1,0
1.28547418837193e+18,1,0
1.28552624697847e+18,1,0
1.28573501983153e+18,1,0
1.28578366192996e+18,1,0
1.28578834203918e+18,1,0
1.28579592313475e+18,1,0
1.28579719337112e+18,1,0
1.28580482728982e+18,1,0
1.28102213167397e+18,1,0
1.26225200626739e+18,1,0
1.28098811777698e+18,1,0
1.28096345683805e+18,1,0
1.27622970116241e+18,1,0
1.27627802642738e+18,1,1
1.27631578231469e+18,1,0
1.27643456885413e+18,1,0
1.27648439929117e+18,1,0
1.27652414240216e+18,1,0
1.27660846139308e+18,1,0
1.27662468230596e+18,1,0
1.27665379684488e+18,1,0
1.27669032080195e+18,1,0
1.27670079100119e+18,1,0
1.27616454009971e+18,1,0
1.27672873916281e+18,1,0
1.27695209116092e+18,1,0
1.27696681617946e+18,1,0
1.27703936560107e+18,1,0
1.27704028885964e+18,1,0
1.27712349269396e+18,1,0
1.27718514011276e+18,1,1
1.27722558191494e+18,1,0
1.27737025085464e+18,1,0
1.27743186005475e+18,1,0
1.27760871386871e+18,1,0
1.27766245024287e+18,1,0
1.27694101074495e+18,1,0
1.27775886573251e+18,1,0
1.27614301204572e+18,1,0
1.27596477646889e+18,1,0
1.27419941399746e+18,1,0
1.2742569080235e+18,1,0
1.27429760917627e+18,1,0
1.27439459993546e+18,1,0
1.27441589750403e+18,1,0
1.27445190221912e+18,1,0
1.27466677104835e+18,1,0
1.27466865689549e+18,1,0
1.27472235904439e+18,1,0
1.2748263598612e+18,1,0
1.27483190246635e+18,1,0
1.27606625064128e+18,1,0
1.27485221642412e+18,1,0
1.27487926696303e+18,1,0
1.27489488816996e+18,1,0
1.27501174040569e+18,1,0
1.27510548330157e+18,1,0
1.27527096053129e+18,1,0
1.27559921063786e+18,1,0
1.27566151509859e+18,1,0
1.2758361569413e+18,1,0
1.27589951819898e+18,1,0
1.27590260216587e+18,1,0
1.27593034155608e+18,1,0
1.27486275821582e+18,1,0
1.27782787006945e+18,1,0
1.27789566743698e+18,1,0
1.27800155072869e+18,1,0
1.27946408624651e+18,1,0
1.27948198663836e+18,1,0
1.27963669411185e+18,1,0
1.27977896580091e+18,1,0
1.27980018478907e+18,1,0
1.27988499523507e+18,1,0
1.27996097728766e+18,1,0
1.27998847607582e+18,1,0
1.28001045531918e+18,1,0
1.28007559486522e+18,1,0
1.2801562822642e+18,1,1
1.27929881543498e+18,1,0
1.28022956714436e+18,1,0
1.2803104991423e+18,1,0
1.28034583633823e+18,1,0
1.28062769342854e+18,1,0
1.28065069282333e+18,1,0
1.28065312157279e+18,1,0
1.28065880543752e+18,1,0
1.28080157533464e+18,1,0
1.28084042973962e+18,1,0
1.28088830820196e+18,1,0
1.28090125756192e+18,1,0
1.28094295541149e+18,1,0
1.28030038371013e+18,1,0
1.27927535622316e+18,1,0
1.27923808440461e+18,1,0
1.2792279227259e+18,1,0
1.27801422537028e+18,1,0
1.27804487897114e+18,1,0
1.27810775557706e+18,1,0
1.27840902846135e+18,1,0
1.27841121488493e+18,1,0
1.27844488048271e+18,1,0
1.27850319207093e+18,1,0
1.27854467365783e+18,1,0
1.27854881818801e+18,1,0
1.27856260718465e+18,1,0
1.27868506823229e+18,1,0
1.27869535105104e+18,1,0
1.27874125459619e+18,1,0
1.27874371442946e+18,1,0
1.2788123461405e+18,1,0
1.27885531777484e+18,1,0
1.27886621783568e+18,1,0
1.27889207972109e+18,1,0
1.2789095338641e+18,1,0
1.27896098503897e+18,1,0
1.27901512927994e+18,1,0
1.2790559209332e+18,1,0
1.27909397719142e+18,1,0
1.2791018564137e+18,1,0
1.27922574776537e+18,1,0
1.28098356524986e+18,1,0
1.2621554256691e+18,1,0
1.26211682586687e+18,1,0
1.26211495160865e+18,1,0
1.24100042525326e+18,1,0
1.24102651976328e+18,1,0
1.24104962622611e+18,1,0
1.24112089038295e+18,1,1
1.24115825599857e+18,1,0
1.24121164279847e+18,1,0
1.24123119921482e+18,1,0
1.24127826312667e+18,1,0
1.24129454428238e+18,1,0
1.24134346468126e+18,1,0
1.24141628263908e+18,1,0
1.2404868229306e+18,1,0
1.24147838081556e+18,1,0
1.24162789668005e+18,1,0
1.24169771158756e+18,1,0
1.24170881518525e+18,1,0
1.24175138414969e+18,1,0
1.24177296537871e+18,1,0
1.24185400903779e+18,1,0
1.24187140934281e+18,1,0
1.24206932772286e+18,1,0
1.24210145126804e+18,1,0
1.24219167945047e+18,1,0
1.24219312997915e+18,1,0
1.24154236420993e+18,1,0
1.24224324815387e+18,1,0
1.24047869261221e+18,1,0
1.24023538418711e+18,1,0
1.23694516755215e+18,1,0
1.23701929737905e+18,1,0
1.23716545634524e+18,1,0
1.23725638554642e+18,1,0
1.23732955125386e+18,1,0
1.23755954042338e+18,1,0
1.23758779916927e+18,1,0
1.23799902014188e+18,1,0
1.23821774282359e+18,1,0
1.2383490845424e+18,1,0
1.23841115553137e+18,1,0
1.24030236482265e+18,1,0
1.23842948480768e+18,1,0
1.23861901817462e+18,1,0
1.23876972879917e+18,1,0
1.23879622826923e+18,1,0
1.23883907091212e+18,1,0
1.23903388622046e+18,1,0
1.23937099410147e+18,1,0
1.23968599212405e+18,1,0
1.23970322216149e+18,1,0
1.23991017629304e+18,1,0
1.23993139562516e+18,1,0
1.23993234698976e+18,1,0
1.23847138061154e+18,1,0
1.24226073055804e+18,1,0
1.24258385288074e+18,1,0
1.2428040646283e+18,1,0
1.24512338959899e+18,1,0
1.24515909638016e+18,1,0
1.24527507628863e+18,1,0
1.24545086937994e+18,1,0
1.24548036729921e+18,1,0
1.24551487196329e+18,1,0
1.24574482562806e+18,1,0
1.24596760044772e+18,1,0
1.24632005436428e+18,1,0
1.24650083690729e+18,1,0
1.24650454783026e+18,1,0
1.24507489438942e+18,1,0
1.2465477314742e+18,1,0
1.24663507696145e+18,1,0
1.24678321793766e+18,1,0
1.24678600704892e+18,1,0
1.24680810583845e+18,1,0
1.24686546134365e+18,1,0
1.2468996169576e+18,1,0
1.24697128211104e+18,1,0
1.24699531246127e+18,1,0
1.24709352544926e+18,1,0
1.24712870597076e+18,1,0
1.24714313998431e+18,1,0
1.24657582761098e+18,1,0
1.24483964854052e+18,1,0
1.24482329122064e+18,1,0
1.24472371332662e+18,1,0
1.24282039537317e+18,1,0
1.24284990923103e+18,1,0
1.24289269922258e+18,1,0
1.24303910842063e+18,1,0
1.2430904233687e+18,1,0
1.24314891381879e+18,1,0
1.24315814186232e+18,1,0
1.2433714008634e+18,1,0
1.2433930301004e+18,1,0
1.24349307171663e+18,1,0
1.24356510417782e+18,1,0
1.24362627518664e+18,1,0
1.24369425509843e+18,1,0
1.24374161915475e+18,1,0
1.24378114612869e+18,1,0
1.24380630583739e+18,1,0
1.24391103794383e+18,1,0
1.24394486578588e+18,1,0
1.24397906844341e+18,1,0
1.24406263966956e+18,1,0
1.24420739146339e+18,1,0
1.24423086613962e+18,1,0
1.24433238618534e+18,1,0
1.24449418043036e+18,1,0
1.24467674910499e+18,1,0
1.23690448235472e+18,1,0
1.24717146614945e+18,1,0
1.23686458938966e+18,1,0
1.23654631376601e+18,1,0
1.22409488391004e+18,1,0
1.2241760641984e+18,1,0
1.22428008245118e+18,1,0
1.22453546502348e+18,1,0
1.22457070240727e+18,1,0
1.22516454871131e+18,1,0
1.22523529623876e+18,1,0
1.2257062350534e+18,1,0
1.22574081336538e+18,1,0
1.22589668631011e+18,1,0
1.22600810281583e+18,1,0
1.22401391075332e+18,1,0
1.22605901945589e+18,1,0
1.2262349202567e+18,1,0
1.22623602443681e+18,1,0
1.22630435482051e+18,1,0
1.22634396834407e+18,1,0
1.2268595136109e+18,1,0
1.2269710995331e+18,1,0
1.22723840894411e+18,1,0
1.22728370590489e+18,1,0
1.22730686249793e+18,1,0
1.22733456171496e+18,1,0
1.22745378891259e+18,1,0
1.22610516116623e+18,1,0
1.22756235894559e+18,1,0
1.33423361456172e+18,1,0
1.22367041058111e+18,1,0
1.22035413257124e+18,1,0
1.22044366379017e+18,1,0
1.22070135502041e+18,1,0
1.22075459051509e+18,1,0
1.22098351273754e+18,1,0
1.2210882401212e+18,1,0
1.22118643774966e+18,1,0
1.22125283255419e+18,1,0
1.22153505600036e+18,1,0
1.22157232905611e+18,1,0
1.22161033836328e+18,1,0
1.22384300976406e+18,1,0
1.22187721922572e+18,1,0
1.22197906060946e+18,1,0
1.22198010070459e+18,1,0
1.2219888305148e+18,1,0
1.22214312042433e+18,1,0
1.22242439815135e+18,1,0
1.22261217391612e+18,1,0
1.22323968104467e+18,1,0
1.22328623103291e+18,1,0
1.22339516556351e+18,1,0
1.22360920136633e+18,1,0
1.223624808015e+18,1,0
1.2219120727595e+18,1,0
1.22785228391802e+18,1,0
1.22795547314548e+18,1,0
1.22822780656948e+18,1,0
1.23322227183507e+18,1,0
1.23324994062267e+18,1,0
1.23340775128962e+18,1,0
1.23345847817964e+18,1,0
1.23351233691425e+18,1,1
1.2335326424584e+18,1,0
1.23355133380386e+18,1,0
1.23377880907939e+18,1,0
1.23385563473239e+18,1,0
1.23388940007905e+18,1,0
1.23398984709576e+18,1,0
1.23272981865717e+18,1,0
1.23422850985532e+18,1,0
1.23443938675582e+18,1,0
1.23446787491757e+18,1,0
1.23449048268589e+18,1,0
1.23457358279943e+18,1,0
1.23523523466211e+18,1,0
1.23524796004223e+18,1,0
1.23533358214883e+18,1,0
1.23539944605096e+18,1,0
1.23557113758269e+18,1,0
1.23577772015341e+18,1,0
1.23587263376316e+18,1,0
1.23432788559658e+18,1,0
1.23268424533375e+18,1,0
1.23266609093488e+18,1,0
1.23265054070796e+18,1,0
1.22854359903542e+18,1,0
1.22859451352814e+18,1,0
1.22892959119815e+18,1,0
1.22895351198091e+18,1,0
1.22905103166682e+18,1,0
1.22940854120477e+18,1,0
1.22945099858389e+18,1,0
1.22953042832476e+18,1,0
1.22988915492785e+18,1,0
1.22996516733458e+18,1,0
1.23031358111743e+18,1,0
1.23034714273427e+18,1,0
1.23067279894461e+18,1,0
1.23067726784146e+18,1,0
1.2312683554762e+18,1,0
1.23126987712351e+18,1,0
1.23142103124543e+18,1,0
1.23142902070684e+18,1,0
1.23164128322092e+18,1,0
1.23167014582887e+18,1,0
1.23213853330711e+18,1,0
1.23216991761461e+18,1,0
1.232343375032e+18,1,0
1.23235207679095e+18,1,0
1.23249983586722e+18,1,0
1.23675668686336e+18,1,0
1.28713816385358e+18,1,0
1.24722433326262e+18,1,0
1.24723791594991e+18,1,0
1.25737427648058e+18,1,0
1.25742058113536e+18,1,0
1.25744054999021e+18,1,0
1.25746839333631e+18,1,0
1.25747165597209e+18,1,0
1.25754843829788e+18,1,0
1.25763665499242e+18,1,0
1.25765454955838e+18,1,0
1.25766538902821e+18,1,0
1.25774417283408e+18,1,0
1.25775438683671e+18,1,0
1.25731484630491e+18,1,0
1.25776273863129e+18,1,0
1.25779428409645e+18,1,0
1.2578806302449e+18,1,0
1.25788556544335e+18,1,0
1.25788574558428e+18,1,0
1.25789145390642e+18,1,0
1.25794167399415e+18,1,0
1.25803699965667e+18,1,0
1.25805518456925e+18,1,0
1.25808407602577e+18,1,0
1.25809737368073e+18,1,0
1.25810941220143e+18,1,0
1.25777030682506e+18,1,0
1.25825374560065e+18,1,0
1.25730030021961e+18,1,0
1.25719281045493e+18,1,0
1.2551411159356e+18,1,0
1.25535276256662e+18,1,0
1.25545565101219e+18,1,0
1.25545720481315e+18,1,0
1.25548414773012e+18,1,0
1.25563276485195e+18,1,0
1.25579971663958e+18,1,0
1.25586167731427e+18,1,0
1.25595924212247e+18,1,0
1.25597946532846e+18,1,0
1.25605215693698e+18,1,0
1.25719414275024e+18,1,0
1.25612458090252e+18,1,0
1.25662784227788e+18,1,0
1.25666834994725e+18,1,0
1.25668729782057e+18,1,0
1.25670962459553e+18,1,0
1.25674419649865e+18,1,0
1.25677136216253e+18,1,0
1.25686275481354e+18,1,0
1.25694460832138e+18,1,0
1.25696574383872e+18,1,0
1.25702218571526e+18,1,0
1.25711443201179e+18,1,0
1.25614290344693e+18,1,0
1.25829545638544e+18,1,0
1.25840783856241e+18,1,0
1.25860254679014e+18,1,0
1.26089912829431e+18,1,0
1.26094453386243e+18,1,0
1.26096061393058e+18,1,0
1.26096277204683e+18,1,0
1.26097841051326e+18,1,0
1.26100046896621e+18,1,0
1.26106255267668e+18,1,0
1.26120779737252e+18,1,0
1.26131354820408e+18,1,0
1.26133910949641e+18,1,0
1.26137326105889e+18,1,0
1.26085779040844e+18,1,0
1.26151171051647e+18,1,0
1.26160792520784e+18,1,0
1.26167393236257e+18,1,0
1.26170273238742e+18,1,0
1.26172978789217e+18,1,0
1.26176141864841e+18,1,0
1.26178933950118e+18,1,0
1.26180253744068e+18,1,0
1.261817686499e+18,1,0
1.26191152062527e+18,1,0
1.26195014743455e+18,1,0
1.26209446361209e+18,1,0
1.26155045607496e+18,1,0
1.26083100214798e+18,1,0
1.26077477356459e+18,1,0
1.26070178694117e+18,1,0
1.25864371538552e+18,1,0
1.25873155311244e+18,1,0
1.25874544393418e+18,1,1
1.25880159876935e+18,1,0
1.25883635163566e+18,1,0
1.25886292391458e+18,1,0
1.25886426519424e+18,1,0
1.25893892000551e+18,1,0
1.25897182284796e+18,1,0
1.25903793100979e+18,1,0
1.25905778172363e+18,1,0
1.25909067621128e+18,1,0
1.25912631834551e+18,1,0
1.25951916266328e+18,1,0
1.25959732605157e+18,1,0
1.25969715729837e+18,1,0
1.25996948469519e+18,1,0
1.26008595883121e+18,1,0
1.26012774660207e+18,1,0
1.26022664071547e+18,1,0
1.26025681789404e+18,1,0
1.26033245843795e+18,1,0
1.26044441202017e+18,1,0
1.26057881251496e+18,1,0
1.2605791363111e+18,1,0
1.25511190760381e+18,1,0
1.24723091937688e+18,1,0
1.25508695331101e+18,1,0
1.25502826430271e+18,1,0
1.24894259916928e+18,1,0
1.24900208678142e+18,1,0
1.24904075922077e+18,1,0
1.24920128583375e+18,1,0
1.24921552937132e+18,1,0
1.24931064517196e+18,1,0
1.24936621809353e+18,1,0
1.24951515741322e+18,1,0
1.24961476813602e+18,1,0
1.24977865620698e+18,1,0
1.24980587726106e+18,1,0
1.24868318283008e+18,1,0
1.24983196131883e+18,1,0
1.25020888641136e+18,1,0
1.25021985228076e+18,1,0
1.25032977895292e+18,1,0
1.25035751203071e+18,1,0
1.25036750050144e+18,1,0
1.25044857653615e+18,1,0
1.25048914456184e+18,1,0
1.25050910553137e+18,1,0
1.2505100015479e+18,1,0
1.25051050100992e+18,1,0
1.25052346741127e+18,1,0
1.25014184368319e+18,1,0
1.2505464546593e+18,1,0
1.24864067108012e+18,1,0
1.24861337856773e+18,1,0
1.2472626086941e+18,1,0
1.24727042740109e+18,1,0
1.2473075757055e+18,1,0
1.24731136567462e+18,1,0
1.24735099207888e+18,1,0
1.2474045786997e+18,1,0
1.24760197649129e+18,1,0
1.2476191862156e+18,1,0
1.24773028374438e+18,1,0
1.24775111213375e+18,1,0
1.24786637682537e+18,1,0
1.24862688615618e+18,1,0
1.24799823373506e+18,1,1
1.24812726081034e+18,1,0
1.24813187568139e+18,1,0
1.24818105993979e+18,1,0
1.24827942394769e+18,1,0
1.2483829872569e+18,1,0
1.24839904128261e+18,1,0
1.24841884567038e+18,1,0
1.24847244749131e+18,1,0
1.24851792710968e+18,1,0
1.24852787059232e+18,1,0
1.24855912595435e+18,1,0
1.24811142688509e+18,1,0
1.25074167114005e+18,1,0
1.25081724506164e+18,1,0
1.25090513599748e+18,1,0
1.25318594868849e+18,1,0
1.2532803617376e+18,1,0
1.25344474213172e+18,1,0
1.25350240543548e+18,1,0
1.25354414344547e+18,1,0
1.25380183705829e+18,1,0
1.25405650348232e+18,1,0
1.25406242389754e+18,1,0
1.25411879457172e+18,1,0
1.25420729642881e+18,1,1
1.25430278323225e+18,1,0
1.25311317701084e+18,1,0
1.25435521379369e+18,1,0
1.25457844478188e+18,1,0
1.25463027458913e+18,1,0
1.25463658996936e+18,1,1
1.25467328523053e+18,1,0
1.25472552016549e+18,1,0
1.25476602129187e+18,1,0
1.25478249937007e+18,1,0
1.25483415406523e+18,1,0
1.25484851904483e+18,1,0
1.25498685359942e+18,1,0
1.25502390121976e+18,1,0
1.25448033767932e+18,1,0
1.25288294349776e+18,1,0
1.25287438251224e+18,1,0
1.25285043231087e+18,1,0
1.25099417951103e+18,1,0
1.25099630225257e+18,1,1
1.25107082235941e+18,1,0
1.25110855286689e+18,1,0
1.25121186322582e+18,1,0
1.25127313069125e+18,1,0
1.25128614595611e+18,1,0
1.25138820559055e+18,1,0
1.25141275879037e+18,1,0
1.25149144549772e+18,1,0
1.25149755436309e+18,1,0
1.25156746531163e+18,1,0
1.25158675086833e+18,1,0
1.25197675145196e+18,1,0
1.25205180277567e+18,1,0
1.25206536086347e+18,1,0
1.25215332305191e+18,1,0
1.25218125665106e+18,1,0
1.25234765540298e+18,1,0
1.25237314372271e+18,1,0
1.25244845589475e+18,1,0
1.25246579795325e+18,1,0
1.25246711571983e+18,1,0
1.25251505329254e+18,1,0
1.2528405366475e+18,1,0
1.2550470965766e+18,1,0
1.28720493449731e+18,1,0
1.28720682154813e+18,1,0
1.28734240055e+18,1,0
1.31464941194369e+18,1,0
1.31468569175914e+18,1,0
1.31469705617129e+18,1,0
1.31471325562182e+18,1,0
1.3147537420095e+18,1,0
1.31477297647109e+18,1,0
1.31477415854746e+18,1,0
1.31484924643305e+18,1,0
1.31486631595428e+18,1,0
1.31498157079366e+18,1,0
1.31501580910273e+18,1,0
1.31464443878282e+18,1,0
1.31515266329895e+18,1,0
1.3151653653082e+18,1,0
1.31522546358599e+18,1,0
1.3152263637214e+18,1,0
1.31527907709234e+18,1,0
1.31528232009881e+18,1,0
1.31529054688218e+18,1,0
1.31530970345121e+18,1,0
1.31541490125555e+18,1,0
1.31548231629517e+18,1,0
1.31554765073789e+18,1,0
1.31560445040535e+18,1,0
1.31516340342649e+18,1,0
1.31560567071708e+18,1,0
1.31463363685604e+18,1,0
1.31462653293815e+18,1,0
1.31365984949062e+18,1,0
1.31366071137819e+18,1,0
1.31367475868526e+18,1,0
1.31367879927657e+18,1,0
1.31369818021582e+18,1,0
1.3137791951562e+18,1,0
1.31384283255409e+18,1,0
1.31385942015e+18,1,0
1.31386248287253e+18,1,1
1.31397087533977e+18,1,0
1.31401888154404e+18,1,0
1.31463065602298e+18,1,0
1.31407844511518e+18,1,0
1.31420582158512e+18,1,0
1.31422973322432e+18,1,0
1.31431143350977e+18,1,0
1.31433898224373e+18,1,0
1.31435790212836e+18,1,0
1.3143651248667e+18,1,0
1.3144300534642e+18,1,0
1.3144301782574e+18,1,0
1.31444295856178e+18,1,0
1.31445270308329e+18,1,0
1.31461933464862e+18,1,0
1.31419987306377e+18,1,0
1.31565260738642e+18,1,0
1.31565687623155e+18,1,0
1.31565984992175e+18,1,0
1.31644897024427e+18,1,0
1.31651294121528e+18,1,0
1.31654677624622e+18,1,0
1.31660599498267e+18,1,0
1.31669545819494e+18,1,0
1.31671544133981e+18,1,0
1.31672438805049e+18,1,0
1.31676205373073e+18,1,0
1.31690624546755e+18,1,0
1.31693174582924e+18,1,0
1.31694224456221e+18,1,0
1.31644556623508e+18,1,0
1.3171230876625e+18,1,0
1.31729860718837e+18,1,0
1.31733527571501e+18,1,0
1.31737520298088e+18,1,0
1.31738997694697e+18,1,0
1.3174397224703e+18,1,0
1.31745032423653e+18,1,0
1.31745361711321e+18,1,0
1.31745627193576e+18,1,0
1.31746438595095e+18,1,0
1.31748808697297e+18,1,0
1.31753474877277e+18,1,0
1.31726796702609e+18,1,0
1.31642315185373e+18,1,0
1.31639058184165e+18,1,0
1.31625865703886e+18,1,0
1.31566895047525e+18,1,0
1.31567968081338e+18,1,0
1.315708680118e+18,1,0
1.31571685252645e+18,1,0
1.31578057184349e+18,1,0
1.31582914790251e+18,1,0
1.31585257107284e+18,1,0
1.31585702295342e+18,1,0
1.31587352236795e+18,1,0
1.31591224686279e+18,1,0
1.3159287155248e+18,1,0
1.31594217786897e+18,1,0
1.31594515593383e+18,1,0
1.31598162833896e+18,1,0
1.31600829857172e+18,1,0
1.31602543686278e+18,1,0
1.31606595627644e+18,1,0
1.31607474458477e+18,1,0
1.31610328023833e+18,1,0
1.31613514736912e+18,1,0
1.3161400662685e+18,1,0
1.31614313657444e+18,1,0
1.31615732232283e+18,1,0
1.31621812099073e+18,1,0
1.31625402760518e+18,1,0
1.31362801206827e+18,1,0
1.31766476734818e+18,1,0
1.31361119454518e+18,1,0
1.3135270711723e+18,1,0
1.30961580716562e+18,1,0
1.30964768778928e+18,1,0
1.30964775583761e+18,1,0
1.30969221283024e+18,1,0
1.30973916100014e+18,1,0
1.30978258380325e+18,1,0
1.3098857944216e+18,1,0
1.30992581766155e+18,1,0
1.3100531940563e+18,1,0
1.31011268865212e+18,1,0
1.31014083268769e+18,1,0
1.30953486713104e+18,1,0
1.31016939310878e+18,1,0
1.31026761523178e+18,1,0
1.3102781281164e+18,1,0
1.31030368377567e+18,1,0
1.31045459899014e+18,1,0
1.31053019843817e+18,1,1
1.31055639121664e+18,1,0
1.31068179646459e+18,1,0
1.31077375107679e+18,1,0
1.31077805835862e+18,1,0
1.31078020966307e+18,1,0
1.31079546592389e+18,1,0
1.3102592396094e+18,1,0
1.31095502386675e+18,1,0
1.30953114414094e+18,1,0
1.30941487971602e+18,1,0
1.30857965947118e+18,1,0
1.30859418601105e+18,1,0
1.30859898127915e+18,1,0
1.30860703146968e+18,1,0
1.30860940014431e+18,1,0
1.30862806355543e+18,1,0
1.3086286720609e+18,1,0
1.30864292703224e+18,1,0
1.30865796613281e+18,1,0
1.30866637557409e+18,1,0
1.30885769558857e+18,1,0
1.30951968823838e+18,1,0
1.30890462535815e+18,1,0
1.30895985992531e+18,1,0
1.30899925581061e+18,1,0
1.30906590404769e+18,1,0
1.3090985084112e+18,1,0
1.30910601917233e+18,1,0
1.3091557669019e+18,1,0
1.30916934442173e+18,1,0
1.30921423463983e+18,1,0
1.30922829676961e+18,1,0
1.30933968763122e+18,1,0
1.30937187126403e+18,1,0
1.30893294286192e+18,1,0
1.31099803028446e+18,1,0
1.31102738453203e+18,1,0
1.31103085896747e+18,1,0
1.31242661136352e+18,1,0
1.31247533811142e+18,1,0
1.31258809836304e+18,1,0
1.31262905731026e+18,1,0
1.31263789325344e+18,1,0
1.31265282908184e+18,1,0
1.31265846217883e+18,1,0
1.3126589558065e+18,1,0
1.31287069212433e+18,1,0
1.31292016135632e+18,1,0
1.31292228977265e+18,1,0
1.31234579217106e+18,1,0
1.31295994961022e+18,1,0
1.31302513782691e+18,1,0
1.31307689004797e+18,1,0
1.31315987435674e+18,1,0
1.31317292716084e+18,1,0
1.31321597559724e+18,1,0
1.31322166810664e+18,1,0
1.31329908767291e+18,1,0
1.31340342129934e+18,1,0
1.31346824521144e+18,1,0
1.31348821246834e+18,1,0
1.31350167343698e+18,1,0
1.31297109761312e+18,1,0
1.31233047063858e+18,1,0
1.312282375989e+18,1,0
1.31227844302372e+18,1,0
1.3111426454361e+18,1,0
1.3111791544281e+18,1,0
1.31119318167376e+18,1,0
1.31123086840141e+18,1,0
1.31124135757131e+18,1,0
1.31129494278694e+18,1,0
1.31129912507425e+18,1,0
1.31131472646746e+18,1,0
1.31134776918616e+18,1,0
1.31137335700737e+18,1,0
1.31138071452967e+18,1,0
1.31142535154602e+18,1,0
1.31149894940514e+18,1,1
1.31157784498056e+18,1,0
1.31159207861535e+18,1,0
1.31166838357475e+18,1,0
1.31172069348724e+18,1,0
1.31173458362549e+18,1,0
1.31182839897782e+18,1,0
1.3119134853794e+18,1,0
1.31201642400983e+18,1,0
1.31213096475214e+18,1,0
1.3122329323215e+18,1,0
1.31224070149365e+18,1,0
1.31226173685511e+18,1,0
1.31355582800427e+18,1,0
1.30856501829689e+18,1,0
1.31767141143197e+18,1,0
1.31799704225427e+18,1,0
1.32523671496157e+18,1,0
1.32524115251005e+18,1,0
1.32531378781828e+18,1,0
1.32538563385082e+18,1,0
1.32543755575672e+18,1,0
1.32547062812059e+18,1,0
1.32549245715344e+18,1,0
1.32577183994842e+18,1,0
1.32577900163022e+18,1,1
1.32581866581678e+18,1,0
1.32589988741474e+18,1,0
1.32518572179628e+18,1,0
1.32592926550701e+18,1,0
1.32627474854074e+18,1,0
1.32640566728084e+18,1,0
1.32640768236712e+18,1,0
1.32656267352214e+18,1,0
1.32663614205847e+18,1,0
1.32679920440516e+18,1,0
1.32694319917741e+18,1,0
1.32704712427878e+18,1,0
1.32707730490909e+18,1,0
1.32720133585549e+18,1,0
1.32721994433399e+18,1,1
1.32621605823204e+18,1,0
1.32724880409811e+18,1,1
1.32505126042948e+18,1,0
1.32490759115633e+18,1,0
1.3231712308963e+18,1,0
1.32330815981406e+18,1,0
1.32335343107606e+18,1,0
1.32337853026941e+18,1,0
1.32341823025438e+18,1,0
1.323462777953e+18,1,0
1.32346574263808e+18,1,0
1.32347262286947e+18,1,0
1.32347480944401e+18,1,0
1.32363092867412e+18,1,1
1.32364179605275e+18,1,0
1.32502518897569e+18,1,0
1.32365638805744e+18,1,0
1.32381640277658e+18,1,0
1.32391336920044e+18,1,0
1.32399423820439e+18,1,0
1.3240016748439e+18,1,0
1.32401097294887e+18,1,0
1.32404141455302e+18,1,0
1.32416429282487e+18,1,0
1.3243120772514e+18,1,0
1.32452941356489e+18,1,0
1.32464032789083e+18,1,0
1.32487393548641e+18,1,0
1.32375237981308e+18,1,0
1.32727470986044e+18,1,1
1.32733707797393e+18,1,0
1.32736770365759e+18,1,0
1.33037261201545e+18,1,0
1.33057491150565e+18,1,0
1.33067839319359e+18,1,0
1.33069363008918e+18,1,0
1.33069995235653e+18,1,0
1.33070106599459e+18,1,0
1.33074773023526e+18,1,0
1.33076824061266e+18,1,0
1.3308282305724e+18,1,0
1.33083407235288e+18,1,0
1.33101700028243e+18,1,0
1.33036197735349e+18,1,0
1.33108636406288e+18,1,0
1.33114749407235e+18,1,0
1.33117331986169e+18,1,0
1.33135511995544e+18,1,1
1.331361587698e+18,1,0
1.33221254916572e+18,1,0
1.33240057678995e+18,1,0
1.33279617015502e+18,1,0
1.33288679701409e+18,1,0
1.33295819881955e+18,1,0
1.33311953246299e+18,1,0
1.33383536633649e+18,1,0
1.33109183126696e+18,1,0
1.32998116468218e+18,1,0
1.32985323457226e+18,1,0
1.32979189595067e+18,1,0
1.32768366665131e+18,1,0
1.32831299131037e+18,1,0
1.3283614297544e+18,1,0
1.32837521848263e+18,1,0
1.32853883192311e+18,1,0
1.32858014360713e+18,1,0
1.32859082705299e+18,1,0
1.3286368623958e+18,1,0
1.32866041753994e+18,1,0
1.32876226182612e+18,1,0
1.32893006257449e+18,1,1
1.32893277967812e+18,1,0
1.32908604592578e+18,1,1
1.32910225436907e+18,1,0
1.32912453483072e+18,1,0
1.32925870400125e+18,1,0
1.32926709785632e+18,1,0
1.32927982920472e+18,1,0
1.32936660284064e+18,1,1
1.32945388371071e+18,1,0
1.32961899491619e+18,1,0
1.32962469355334e+18,1,0
1.32963193164707e+18,1,0
1.32967364998132e+18,1,0
1.32975749286838e+18,1,0
1.32316821035993e+18,1,0
1.31780017406063e+18,1,0
1.32311713523375e+18,1,0
1.32310918121858e+18,1,1
1.31910127990233e+18,1,0
1.31912995241177e+18,1,0
1.31916048663448e+18,1,0
1.31955125496872e+18,1,0
1.31966562080008e+18,1,0
1.31969596596887e+18,1,0
1.31969606901869e+18,1,0
1.31978917779438e+18,1,0
1.31980039753665e+18,1,0
1.31983994914809e+18,1,0
1.31986467308119e+18,1,0
1.31907232944019e+18,1,0
1.31988805977359e+18,1,0
1.3198930311648e+18,1,0
1.31989564552042e+18,1,0
1.31993598818601e+18,1,0
1.32000320480185e+18,1,0
1.32004950121468e+18,1,0
1.32007221493962e+18,1,0
1.32008852232225e+18,1,0
1.32009333714418e+18,1,0
1.32012059245721e+18,1,0
1.32014355167887e+18,1,0
1.3201443232882e+18,1,0
1.31989035045087e+18,1,0
1.32014662130959e+18,1,0
1.31905618967462e+18,1,0
1.31896488699137e+18,1,0
1.31803344492503e+18,1,0
1.31807885272003e+18,1,0
1.31812246690919e+18,1,0
1.31812932302765e+18,1,0
1.3181557033961e+18,1,0
1.31817268284058e+18,1,0
1.31818180591743e+18,1,0
1.31821022557758e+18,1,0
1.31821963101912e+18,1,0
1.31824122238168e+18,1,0
1.31826494950067e+18,1,0
1.31901861245222e+18,1,0
1.31828492675253e+18,1,0
1.3183566422249e+18,1,0
1.31837285364586e+18,1,0
1.31840630108559e+18,1,0
1.31843565040884e+18,1,0
1.31846560178286e+18,1,0
1.31876213265841e+18,1,0
1.31882121981938e+18,1,0
1.31885728758739e+18,1,0
1.31886763591702e+18,1,0
1.31889832781181e+18,1,0
1.31894115709164e+18,1,0
1.31832414400241e+18,1,0
1.32016936876069e+18,1,0
1.3201933714161e+18,1,0
1.32021137121729e+18,1,0
1.32176815954463e+18,1,0
1.32178920157096e+18,1,0
1.32180266163786e+18,1,0
1.32182362766733e+18,1,0
1.32183217078111e+18,1,0
1.32185214987001e+18,1,0
1.32186011951318e+18,1,0
1.32187055180411e+18,1,0
1.32193542932349e+18,1,0
1.32198221435199e+18,1,0
1.32206276710108e+18,1,0
1.32156275998584e+18,1,0
1.32207639089678e+18,1,0
1.3223259128101e+18,1,0
1.32236167475872e+18,1,0
1.32283967829946e+18,1,0
1.322849269427e+18,1,0
1.32288049334009e+18,1,0
1.32290018234682e+18,1,0
1.32295483904385e+18,1,0
1.32296110338363e+18,1,0
1.32305042963944e+18,1,0
1.32306976580876e+18,1,0
1.32310862960467e+18,1,0
1.32223225122504e+18,1,0
1.32154682039316e+18,1,0
1.32151199002452e+18,1,0
1.32133980843472e+18,1,0
1.32023610501545e+18,1,1
1.32034438467246e+18,1,0
1.32036238854617e+18,1,1
1.32040092068606e+18,1,0
1.32041154120905e+18,1,0
1.32044845219981e+18,1,0
1.32045969758189e+18,1,0
1.32055158823515e+18,1,1
1.32055790813703e+18,1,1
1.32068698414307e+18,1,0
1.32077098405234e+18,1,0
1.32091954351076e+18,1,0
1.32097096924718e+18,1,1
1.3210215524695e+18,1,0
1.32105762430193e+18,1,0
1.32111088752519e+18,1,0
1.32112530105783e+18,1,0
1.32112641828619e+18,1,0
1.32114234517423e+18,1,0
1.32114297110283e+18,1,0
1.32114305689732e+18,1,0
1.32118926123274e+18,1,1
1.32124428827412e+18,1,0
1.32125524531436e+18,1,0
1.32132829321633e+18,1,0
1.32311434190273e+18,1,0
1.22031462110348e+18,1,0
1.30854426390769e+18,1,0
1.30851108760895e+18,1,0
1.29304696730882e+18,1,0
1.29312486838953e+18,1,0
1.29329167661058e+18,1,0
1.29330152705088e+18,1,0
1.29330359852961e+18,1,0
1.29331253706958e+18,1,0
1.29332834745651e+18,1,0
1.293329110023e+18,1,0
1.29341298755919e+18,1,0
1.29341627206832e+18,1,0
1.29343208850763e+18,1,0
1.29303723385592e+18,1,0
1.29344952691359e+18,1,0
1.29358862451716e+18,1,0
1.29367428705695e+18,1,0
1.29376651938256e+18,1,0
1.29378829877166e+18,1,0
1.29380725801119e+18,1,0
1.2939002622105e+18,1,0
1.2939136428789e+18,1,0
1.29398979125676e+18,1,0
1.29399732670134e+18,1,0
1.29400666855286e+18,1,1
1.29408825654433e+18,1,0
1.29358200311201e+18,1,0
1.29412035478125e+18,1,0
1.29299761000184e+18,1,0
1.29289515616173e+18,1,1
1.29204708375976e+18,1,0
1.29208611652335e+18,1,0
1.29208959573214e+18,1,0
1.29214556639934e+18,1,0
1.29230844248553e+18,1,0
1.29233696202881e+18,1,0
1.29241364454275e+18,1,0
1.2924284830003e+18,1,0
1.29243294871793e+18,1,0
1.29243362228107e+18,1,0
1.29247328269287e+18,1,0
1.29295262494645e+18,1,0
1.29249119528175e+18,1,0
1.29255335160393e+18,1,0
1.29256749530446e+18,1,0
1.29262365476171e+18,1,0
1.2926290641137e+18,1,0
1.29263616854721e+18,1,0
1.29272824996191e+18,1,0
1.29281809917199e+18,1,0
1.29284197002542e+18,1,0
1.29284896057142e+18,1,0
1.29285756732498e+18,1,0
1.29286497194945e+18,1,0
1.29250630977906e+18,1,0
1.29416421089776e+18,1,0
1.29428785520493e+18,1,0
1.29428906577321e+18,1,0
1.29613092101657e+18,1,0
1.2962354791055e+18,1,0
1.29630919288661e+18,1,0
1.29635014128097e+18,1,0
1.29638079645505e+18,1,0
1.29641115183251e+18,1,0
1.29646873139717e+18,1,0
1.29648196799586e+18,1,0
1.29650818592739e+18,1,0
1.29659546703648e+18,1,0
1.29661233893461e+18,1,0
1.29607527607438e+18,1,0
1.29663082295981e+18,1,0
1.29663428782823e+18,1,0
1.29664070380472e+18,1,0
1.29665112768174e+18,1,0
1.29666284715854e+18,1,0
1.29670054617107e+18,1,0
1.29676659369178e+18,1,0
1.29689416434542e+18,1,0
1.29693661281992e+18,1,0
1.29702135622425e+18,1,0
1.29715303149081e+18,1,0
1.29717123596153e+18,1,0
1.2966333996506e+18,1,0
1.29606555949944e+18,1,0
1.29605989627047e+18,1,0
1.29603053867998e+18,1,0
1.29429485699561e+18,1,0
1.29437558304092e+18,1,0
1.29438616001001e+18,1,0
1.29440477759875e+18,1,0
1.29462889481395e+18,1,0
1.29471115944732e+18,1,0
1.29477472526105e+18,1,0
1.29481033765766e+18,1,0
1.29481799075671e+18,1,0
1.29482716299917e+18,1,0
1.29500501397503e+18,1,0
1.29501685581654e+18,1,0
1.29501832502671e+18,1,0
1.29503395468102e+18,1,0
1.29503477472635e+18,1,0
1.29506251758508e+18,1,0
1.29507482106854e+18,1,0
1.29510618426592e+18,1,0
1.29554280245821e+18,1,0
1.29560357234904e+18,1,0
1.29574056495307e+18,1,0
1.29574824325559e+18,1,0
1.29577115712007e+18,1,0
1.29579246914211e+18,1,0
1.29582914875416e+18,1,0
1.29196060218996e+18,1,0
1.29720467895489e+18,1,0
1.29185858280432e+18,1,0
1.29178553513286e+18,1,0
1.28833559275378e+18,1,0
1.2883491267999e+18,1,0
1.28837062945706e+18,1,0
1.28838273290571e+18,1,0
1.28840327729437e+18,1,0
1.28843251956661e+18,1,0
1.28843327112302e+18,1,0
1.28845088808912e+18,1,0
1.28847675290227e+18,1,0
1.28848231230535e+18,1,0
1.28852832401324e+18,1,0
1.28822442088089e+18,1,0
1.28858071956505e+18,1,0
1.2886427065002e+18,1,0
1.28872582005634e+18,1,0
1.28874954842944e+18,1,0
1.28875600694474e+18,1,0
1.28893938219239e+18,1,0
1.28895746077916e+18,1,0
1.28902704286904e+18,1,0
1.28910944523497e+18,1,0
1.28915571953975e+18,1,0
1.28916269753623e+18,1,0
1.28919795529625e+18,1,0
1.28862309191716e+18,1,0
1.28926923860421e+18,1,0
1.28814548423048e+18,1,0
1.28807831919641e+18,1,0
1.28738393485924e+18,1,0
1.28741811497233e+18,1,0
1.28742088726909e+18,1,0
1.28742677728808e+18,1,0
1.28743137238736e+18,1,0
1.28743201982851e+18,1,0
1.2874369073585e+18,1,0
1.28744764718427e+18,1,0
1.28746355854908e+18,1,0
1.28747267085511e+18,1,0
1.28748209650047e+18,1,0
1.28813266933171e+18,1,0
1.28751200695056e+18,1,0
1.28764828378403e+18,1,0
1.28767355256969e+18,1,0
1.28777935857748e+18,1,0
1.28783502115231e+18,1,0
1.28785029177835e+18,1,0
1.28788428800485e+18,1,1
1.28794541881117e+18,1,0
1.28795570975431e+18,1,0
1.28796954966974e+18,1,0
1.28798652892531e+18,1,0
1.28802658620619e+18,1,0
1.28753986786659e+18,1,0
1.28927151559118e+18,1,0
1.28939700477113e+18,1,0
1.28944766548329e+18,1,0
1.29087180277276e+18,1,0
1.29089409968448e+18,1,0
1.29093688606899e+18,1,0
1.29100072597216e+18,1,1
1.29105398810886e+18,1,0
1.29107435251592e+18,1,0
1.29114893657352e+18,1,0
1.29126187075048e+18,1,0
1.29135048391159e+18,1,0
1.2913635837549e+18,1,0
1.29137007103875e+18,1,0
1.29081554834815e+18,1,0
1.29143670625682e+18,1,0
1.29150456730616e+18,1,0
1.29157340195854e+18,1,0
1.29157446017719e+18,1,0
1.29159313911183e+18,1,0
1.29159324641448e+18,1,0
1.29164072850693e+18,1,0
1.29164269345023e+18,1,0
1.29171026945068e+18,1,0
1.29171895976755e+18,1,0
1.29175824014174e+18,1,0
1.29177469522257e+18,1,0
1.29148844446054e+18,1,0
1.29078879633046e+18,1,0
1.29073699936054e+18,1,0
1.29068601319145e+18,1,1
1.28949725861487e+18,1,0
1.28956680158032e+18,1,0
1.28962616067507e+18,1,0
1.28964760535434e+18,1,0
1.28974118466405e+18,1,0
1.28997796402165e+18,1,0
1.29002902729888e+18,1,0
1.29006280117254e+18,1,0
1.29010357903081e+18,1,0
1.29013276380737e+18,1,0
1.2901377639295e+18,1,0
1.2901680294483e+18,1,0
1.29019614321369e+18,1,0
1.29024941141983e+18,1,0
1.29027806841894e+18,1,0
1.29027828573008e+18,1,0
1.29031169090359e+18,1,0
1.29031477292001e+18,1,0
1.29031552717754e+18,1,0
1.29037762907852e+18,1,0
1.29040679522007e+18,1,0
1.29052895025955e+18,1,0
1.2905411541366e+18,1,0
1.29055902000093e+18,1,0
1.29059907008024e+18,1,1
1.29178792583999e+18,1,0
1.30852986060481e+18,1,0
1.2972371586428e+18,1,0
1.29751217170264e+18,1,0
1.30409754669709e+18,1,1
1.30423314553378e+18,1,0
1.30427322899567e+18,1,0
1.3043132029482e+18,1,0
1.30441968769908e+18,1,0
1.30443264863127e+18,1,0
1.30443807003751e+18,1,0
1.30447502065635e+18,1,0
1.30477426911352e+18,1,0
1.3048395644528e+18,1,0
1.30487898531532e+18,1,0
1.30406604361948e+18,1,0
1.30494847474024e+18,1,0
1.30510258466802e+18,1,0
1.30512657559621e+18,1,0
1.30512783848433e+18,1,0
1.30537140259007e+18,1,0
1.30541951860113e+18,1,0
1.30542048354288e+18,1,0
1.30542136505962e+18,1,0
1.30549571713423e+18,1,0
1.30550173074702e+18,1,0
1.30551047211268e+18,1,0
1.30553872239871e+18,1,0
1.3050372755253e+18,1,0
1.30561283950842e+18,1,0
1.30401614562902e+18,1,0
1.30380543397978e+18,1,0
1.30294878127781e+18,1,0
1.30301647755408e+18,1,0
1.30303715060735e+18,1,0
1.30308278536056e+18,1,0
1.30308939830575e+18,1,0
1.30328595456888e+18,1,0
1.30334129879198e+18,1,0
1.30334800022854e+18,1,0
1.30334946652775e+18,1,1
1.30335403033746e+18,1,0
1.3033751550166e+18,1,0
1.30392327835277e+18,1,0
1.30340689146535e+18,1,0
1.30345805667251e+18,1,0
1.30346556668711e+18,1,0
1.30346959818507e+18,1,0
1.30352312730199e+18,1,0
1.3035235385366e+18,1,0
1.30353867926096e+18,1,0
1.30353993449871e+18,1,0
1.3036463088178e+18,1,0
1.30365040828023e+18,1,0
1.30370018770609e+18,1,0
1.30376373392846e+18,1,0
1.30342667004567e+18,1,0
1.30563575243758e+18,1,0
1.30566923693358e+18,1,0
1.30584845451045e+18,1,0
1.30732439235609e+18,1,0
1.30737817697749e+18,1,0
1.30752357458077e+18,1,0
1.30760437028091e+18,1,0
1.30772114219131e+18,1,0
1.30777916090401e+18,1,0
1.30778588987625e+18,1,0
1.3079377305723e+18,1,0
1.30798224476665e+18,1,0
1.30804177152012e+18,1,0
1.30809750742417e+18,1,0
1.30720970220857e+18,1,0
1.3081399298143e+18,1,0
1.30823667247617e+18,1,0
1.30824057147601e+18,1,0
1.30827133698942e+18,1,0
1.30828009604677e+18,1,0
1.30835145891227e+18,1,0
1.30841462457277e+18,1,0
1.30841968683346e+18,1,0
1.3084215474645e+18,1,0
1.30843997235399e+18,1,0
1.30845929808374e+18,1,0
1.30846496036479e+18,1,0
1.30822652862745e+18,1,0
1.30717822107973e+18,1,0
1.30715958389955e+18,1,0
1.30715185305491e+18,1,0
1.30586070844214e+18,1,0
1.3058684845098e+18,1,0
1.30594435354687e+18,1,0
1.30594667457809e+18,1,0
1.30595428964333e+18,1,0
1.30596526344412e+18,1,0
1.30596676905657e+18,1,0
1.30598393582286e+18,1,0
1.30601539085891e+18,1,0
1.30602786666941e+18,1,0
1.30607974893051e+18,1,0
1.30609967827074e+18,1,0
1.30610155621583e+18,1,0
1.30613137765854e+18,1,0
1.30623918213061e+18,1,0
1.30633670743291e+18,1,0
1.30638803857091e+18,1,0
1.30640844693854e+18,1,0
1.3066908432486e+18,1,0
1.30677311798193e+18,1,0
1.30679927008795e+18,1,0
1.30686870145975e+18,1,0
1.30690774364794e+18,1,0
1.3070578054348e+18,1,0
1.30712711350659e+18,1,0
1.30284609607125e+18,1,0
1.29734531238695e+18,1,0
1.30273978064862e+18,1,0
1.30261913444685e+18,1,0
1.29830631484244e+18,1,0
1.29832720206961e+18,1,1
1.29847368247439e+18,1,0
1.29850166286535e+18,1,0
1.2985083468493e+18,1,0
1.29851554297072e+18,1,0
1.29860864805516e+18,1,0
1.2987072024091e+18,1,0
1.29879497636977e+18,1,0
1.29884800545033e+18,1,0
1.29899061504934e+18,1,0
1.29830003384298e+18,1,0
1.2990462222721e+18,1,0
1.29922669332487e+18,1,0
1.29925229402266e+18,1,0
1.29944845249823e+18,1,0
1.29946132049708e+18,1,0
1.29953274556419e+18,1,0
1.29957470756244e+18,1,0
1.29962278124883e+18,1,0
1.29973494004564e+18,1,0
1.29976191388744e+18,1,0
1.29977944465607e+18,1,0
1.29980581669063e+18,1,0
1.2992071882721e+18,1,0
1.29993976272417e+18,1,0
1.298205598715e+18,1,0
1.29813639772391e+18,1,1
1.29753430147567e+18,1,0
1.29757691425776e+18,1,0
1.29760165350858e+18,1,0
1.2976242692293e+18,1,0
1.29763059596775e+18,1,0
1.29764320776602e+18,1,0
1.29764810485922e+18,1,0
1.2976839865553e+18,1,0
1.29771592271976e+18,1,0
1.29775213606365e+18,1,0
1.297756577236e+18,1,0
1.29820060618048e+18,1,0
1.29775846870782e+18,1,0
1.2978022297982e+18,1,0
1.29782638523958e+18,1,0
1.2978767190057e+18,1,0
1.29789693807189e+18,1,0
1.29791516091768e+18,1,0
1.29792598016254e+18,1,0
1.29793775635049e+18,1,0
1.29798101026975e+18,1,0
1.29798859893607e+18,1,0
1.29799603172075e+18,1,0
1.29811977888908e+18,1,1
1.29777397674013e+18,1,0
1.29999426031431e+18,1,0
1.3000570110366e+18,1,0
1.30006128438226e+18,1,0
1.3010955747253e+18,1,0
1.30114861576781e+18,1,0
1.30123076916423e+18,1,0
1.30123774541585e+18,1,0
1.30137965389498e+18,1,0
1.30151945199366e+18,1,0
1.30156969865233e+18,1,0
1.30157299717046e+18,1,0
1.30157447132575e+18,1,0
1.30159883617615e+18,1,0
1.30180799563927e+18,1,0
1.30102992756786e+18,1,0
1.30183891419857e+18,1,0
1.30191394491157e+18,1,0
1.30202918416913e+18,1,0
1.3020528138837e+18,1,0
1.30222017896126e+18,1,0
1.30222692359089e+18,1,0
1.3023834691469e+18,1,0
1.30241915169307e+18,1,0
1.30242486164235e+18,1,0
1.30245507221182e+18,1,0
1.30250408529648e+18,1,0
1.30255334982109e+18,1,0
1.30189351204503e+18,1,0
1.30101184823032e+18,1,0
1.3009992628227e+18,1,0
1.30093581395864e+18,1,0
1.3000729202539e+18,1,0
1.30009308410194e+18,1,0
1.30016047669383e+18,1,0
1.30017278054613e+18,1,0
1.30023537970697e+18,1,0
1.3002360425037e+18,1,0
1.30025756726067e+18,1,0
1.30031143516003e+18,1,0
1.30041533160165e+18,1,0
1.30044619003975e+18,1,0
1.30045657968308e+18,1,0
1.30046439900247e+18,1,0
1.30050536197618e+18,1,0
1.30051696939805e+18,1,0
1.30059730196712e+18,1,0
1.30060666025631e+18,1,0
1.30062642741978e+18,1,0
1.30063593409492e+18,1,0
1.30065304576461e+18,1,0
1.30065849056687e+18,1,0
1.30065920392584e+18,1,0
1.30073246004125e+18,1,0
1.30076684916912e+18,1,0
1.30079739382324e+18,1,1
1.3008476965975e+18,1,0
1.30270473365688e+18,1,0
1.22029439643811e+18,1,0
1.2239756067166e+18,1,0
1.22023034780115e+18,1,0
9.24888641192608e+17,1,0
9.25735462555173e+17,1,0
9.25871815595123e+17,1,0
9.26107510561542e+17,1,0
9.26615884700848e+17,1,0
9.28117822273851e+17,1,0
9.28922224647696e+17,1,0
9.30091605838643e+17,1,0
9.30276387549626e+17,1,0
9.30311898335031e+17,1,0
9.3157790836317e+17,1,0
9.23329749694472e+17,1,0
9.32100762523509e+17,1,0
9.32498868859585e+17,1,0
9.32719810080903e+17,1,0
9.35162101034652e+17,1,0
9.35524654852162e+17,1,0
9.36028739623883e+17,1,0
9.36432073660711e+17,1,0
9.36533437569102e+17,1,0
9.36623304298902e+17,1,0
9.36647814771229e+17,1,0
9.37630497445782e+17,1,0
9.37688145331569e+17,1,0
9.32274619083473e+17,1,0
9.37836092077863e+17,1,0
9.22059223453917e+17,1,0
9.21795970576331e+17,1,0
9.14950806876578e+17,1,0
9.15047026768966e+17,1,0
9.15927591630066e+17,1,0
9.16157388234875e+17,1,0
9.16669198239113e+17,1,0
9.17181617457725e+17,1,0
9.18056717967008e+17,1,0
9.18731204031005e+17,1,0
9.18732781978501e+17,1,0
9.18785591394882e+17,1,0
9.18944658356691e+17,1,0
9.22008956318335e+17,1,0
9.18990618344296e+17,1,0
9.1928889404631e+17,1,0
9.19441601532912e+17,1,0
9.19454146826093e+17,1,0
9.19538233351881e+17,1,0
9.19550223025807e+17,1,0
9.19751574058086e+17,1,0
9.20015779717841e+17,1,0
9.20897962443653e+17,1,0
9.21139621907575e+17,1,0
9.21186665535701e+17,1,0
9.21690725271646e+17,1,0
9.19111373602177e+17,1,0
9.37910141936112e+17,1,0
9.39248829131624e+17,1,0
9.39254633981207e+17,1,0
9.52299763050967e+17,1,0
9.52321466376249e+17,1,0
9.5251129427125e+17,1,0
9.52561577437282e+17,1,0
9.53658644469617e+17,1,0
9.53982916807164e+17,1,0
9.5404302648943e+17,1,0
9.54063301582967e+17,1,0
9.54907028299878e+17,1,0
9.55059191479071e+17,1,0
9.55110753635193e+17,1,0
9.51679529063338e+17,1,0
9.55460329756127e+17,1,0
9.55994909416202e+17,1,0
9.56236839483998e+17,1,0
9.56501938006192e+17,1,0
9.56744219640586e+17,1,0
9.57384326315995e+17,1,0
9.57522483883602e+17,1,0
9.57533906965705e+17,1,0
9.57817434689417e+17,1,0
9.57997635486482e+17,1,0
9.58308688229433e+17,1,0
9.58605024224936e+17,1,0
9.55467765724234e+17,1,0
9.51619880461062e+17,1,0
9.51261849076601e+17,1,0
9.5011012383327e+17,1,0
9.39440465220268e+17,1,0
9.39503895218291e+17,1,0
9.39689847190639e+17,1,0
9.39909653252788e+17,1,0
9.40909737972941e+17,1,0
9.41857129035641e+17,1,0
9.41863904518406e+17,1,0
9.42148317642834e+17,1,0
9.42295573557842e+17,1,0
9.4279494133955e+17,1,0
9.43190345243906e+17,1,0
9.43276337795686e+17,1,0
9.4361071013061e+17,1,0
9.44596500813824e+17,1,0
9.45311987097055e+17,1,0
9.45805438666211e+17,1,0
9.46064951633789e+17,1,0
9.46866006718341e+17,1,0
9.46969551685804e+17,1,0
9.4717429837176e+17,1,0
9.48248601049879e+17,1,0
9.48838752989864e+17,1,0
9.49319263222948e+17,1,0
9.49338751146316e+17,1,0
9.49602171850441e+17,1,0
9.14636898425086e+17,1,0
9.59420260737729e+17,1,0
9.14030596346724e+17,1,0
9.13085310099231e+17,1,0
8.64973730916782e+17,1,0
8.6505962978868e+17,1,0
8.65280336049168e+17,1,0
8.66054324249428e+17,1,0
8.66055381688001e+17,1,0
8.66304559412519e+17,1,0
8.66312811550462e+17,1,0
8.66400277175435e+17,1,0
8.68178098436559e+17,1,0
8.68784055268934e+17,1,0
8.69234363522744e+17,1,0
8.64472809065529e+17,1,0
8.69474223277969e+17,1,0
8.70090971370975e+17,1,0
8.71037501506499e+17,1,0
8.71149326189306e+17,1,0
8.72371495082832e+17,1,0
8.72650418807034e+17,1,0
8.72717414097727e+17,1,0
8.73551532934824e+17,1,0
8.74529368244191e+17,1,0
8.75851475225727e+17,1,0
8.76099068354732e+17,1,0
8.76601339060527e+17,1,0
8.70031557028917e+17,1,0
8.78155104053936e+17,1,0
8.637238915917e+17,1,0
8.61997774035878e+17,1,0
8.42779102146941e+17,1,0
8.43444043694653e+17,1,0
8.43761548333994e+17,1,0
8.44178920790544e+17,1,1
8.44337376327553e+17,1,0
8.44730064956666e+17,1,0
8.47913353246888e+17,1,0
8.48327316036104e+17,1,0
8.48661721782899e+17,1,0
8.49049687076327e+17,1,0
8.52217684381114e+17,1,0
8.62238398324584e+17,1,0
8.52918804778713e+17,1,0
8.56103970783285e+17,1,0
8.56757936462246e+17,1,0
8.58602830097039e+17,1,0
8.59134675989746e+17,1,0
8.59144645598695e+17,1,0
8.59898655247016e+17,1,0
8.59929975604077e+17,1,0
8.60614476042826e+17,1,0
8.60806224618463e+17,1,0
8.61044897091994e+17,1,0
8.61152766646997e+17,1,0
8.54972091728249e+17,1,0
8.78672092727783e+17,1,0
8.80054956656648e+17,1,0
8.81228586971275e+17,1,0
9.0299790998945e+17,1,0
9.03490250734944e+17,1,0
9.0395491863294e+17,1,0
9.04000253845582e+17,1,0
9.04573725822956e+17,1,1
9.05910685179228e+17,1,0
9.06010645786591e+17,1,0
9.06749167023915e+17,1,0
9.07031692032053e+17,1,0
9.07033518626177e+17,1,0
9.07223664470368e+17,1,0
9.02946127389045e+17,1,0
9.08030875392193e+17,1,0
9.08417238625079e+17,1,0
9.08667636057129e+17,1,0
9.09034195678351e+17,1,0
9.09336298560774e+17,1,0
9.09631982690341e+17,1,0
9.09875322195149e+17,1,0
9.10222409835454e+17,1,0
9.11481340427514e+17,1,1
9.12044920877154e+17,1,0
9.12263550592094e+17,1,0
9.13019563108946e+17,1,0
9.08115413455831e+17,1,0
9.0197220730751e+17,1,0
9.00756399952736e+17,1,0
8.99095506097275e+17,1,0
8.82917138956042e+17,1,0
8.83063492076503e+17,1,0
8.83617543528886e+17,1,0
8.83712919992652e+17,1,0
8.84333017480573e+17,1,0
8.85286261254005e+17,1,0
8.85337249453396e+17,1,0
8.85672846101557e+17,1,0
8.8679909320858e+17,1,0
8.87196270686749e+17,1,0
8.87553776332063e+17,1,0
8.87695043032646e+17,1,0
8.87847707494068e+17,1,0
8.89480589656678e+17,1,0
8.89947019384639e+17,1,0
8.91068916285542e+17,1,0
8.92853369995489e+17,1,0
8.93168279354839e+17,1,0
8.93293481191498e+17,1,0
8.93916679864017e+17,1,0
8.94385499669844e+17,1,0
8.94990771706708e+17,1,0
8.95626266417787e+17,1,0
8.96037363469636e+17,1,0
8.97620240682693e+17,1,0
9.13650174932558e+17,1,0
9.59453254244536e+17,1,0
9.59762796018725e+17,1,0
9.59785929723564e+17,1,0
1.01792007642135e+18,1,0
1.01800916233098e+18,1,0
1.01839896117277e+18,1,0
1.0184954637991e+18,1,0
1.0192881336561e+18,1,0
1.01929624252488e+18,1,0
1.01933742998204e+18,1,0
1.01966398008682e+18,1,0
1.01971903544399e+18,1,0
1.02069957487105e+18,1,0
1.02111905926855e+18,1,0
1.01745303238734e+18,1,0
1.02205599445132e+18,1,0
1.02236535731761e+18,1,0
1.02252814354907e+18,1,0
1.02265235872204e+18,1,0
1.02265737266014e+18,1,0
1.02280902097592e+18,1,0
1.02285677946468e+18,1,1
1.02368263760353e+18,1,0
1.02512563612861e+18,1,0
1.02542037854872e+18,1,0
1.02606173484538e+18,1,0
1.02611913467172e+18,1,0
1.02228785179333e+18,1,0
1.02635225352585e+18,1,0
1.01605255489833e+18,1,0
1.0155562801596e+18,1,0
1.00657018622732e+18,1,0
1.0072265312345e+18,1,0
1.00848806617511e+18,1,0
1.00882291967216e+18,1,0
1.00896097385889e+18,1,0
1.00961025039839e+18,1,0
1.01036952154116e+18,1,0
1.0108228937337e+18,1,0
1.01092022834213e+18,1,0
1.01094760822181e+18,1,0
1.01166738568061e+18,1,0
1.01591148057379e+18,1,0
1.01190972665582e+18,1,0
1.01361943910173e+18,1,0
1.01372340227885e+18,1,0
1.01395264422897e+18,1,0
1.01408075291968e+18,1,0
1.01475982208278e+18,1,0
1.01477451971688e+18,1,0
1.01482269342477e+18,1,0
1.01483381101892e+18,1,0
1.01485843537492e+18,1,0
1.01486595402553e+18,1,0
1.01497338098924e+18,1,0
1.01237541400459e+18,1,0
1.0268754397075e+18,1,0
1.02731165002471e+18,1,0
1.02776765603902e+18,1,0
1.22028047286698e+18,1,0
1.04200246923915e+18,1,0
1.04331560908416e+18,1,0
1.04344302303882e+18,1,0
1.04368031698725e+18,1,0
1.0438013495849e+18,1,0
1.04400786481208e+18,1,0
1.0440164019069e+18,1,0
1.04406955695063e+18,1,0
1.04497725329198e+18,1,0
1.04503900591249e+18,1,0
1.0413076377599e+18,1,0
1.04576257639768e+18,1,0
1.04614823423264e+18,1,0
1.04670568071803e+18,1,0
1.04697169041944e+18,1,0
1.04710564776924e+18,1,0
1.04719078973694e+18,1,0
1.04738568761435e+18,1,0
1.04752317554071e+18,1,0
1.04758805850421e+18,1,0
1.04802633445309e+18,1,0
1.04826775705215e+18,1,0
1.04867823134649e+18,1,0
1.04579505539333e+18,1,0
1.04075001003873e+18,1,0
1.03958461470734e+18,1,0
1.03950490843142e+18,1,0
1.02777673097772e+18,1,0
1.02895515408151e+18,1,0
1.02899002362924e+18,1,0
1.0301273548724e+18,1,0
1.03019476466943e+18,1,0
1.0311705109299e+18,1,0
1.0316229682108e+18,1,0
1.03280476952441e+18,1,0
1.03284926711382e+18,1,0
1.03295062905911e+18,1,0
1.03299890842993e+18,1,0
1.03350520606187e+18,1,0
1.03406677874838e+18,1,0
1.03441707708216e+18,1,0
1.03469715286861e+18,1,0
1.03565138296183e+18,1,0
1.03576144415375e+18,1,0
1.03605386667936e+18,1,0
1.03719287264953e+18,1,0
1.03799332242448e+18,1,0
1.03807002876187e+18,1,0
1.03826967476358e+18,1,0
1.03832264817694e+18,1,0
1.03868640484946e+18,1,0
1.03881934055497e+18,1,0
1.00630274617218e+18,1,0
1.00542376681229e+18,1,0
1.00514113648518e+18,1,0
1.0037893461584e+18,1,0
9.74506408497488e+17,1,0
9.74787853392658e+17,1,0
9.74978246432322e+17,1,0
9.75719452019851e+17,1,0
9.75853504911892e+17,1,0
9.76090980574102e+17,1,0
9.76576966244512e+17,1,0
9.76826079624212e+17,1,0
9.7696131802778e+17,1,0
9.7712683188634e+17,1,1
9.77498707347194e+17,1,0
9.7434399765615e+17,1,0
9.78006458305524e+17,1,0
9.79141693386748e+17,1,0
9.80129514796745e+17,1,0
9.80410272492892e+17,1,0
9.81166633279414e+17,1,0
9.82137258634433e+17,1,0
9.82591771375907e+17,1,0
9.8369440390151e+17,1,0
9.8370835913513e+17,1,0
9.83865516690432e+17,1,0
9.84188961856909e+17,1,0
9.84203134791832e+17,1,0
9.78263024405565e+17,1,0
9.74339953193832e+17,1,0
9.73891124963115e+17,1,0
9.73853015676305e+17,1,0
9.60763558047859e+17,1,0
9.61265430626103e+17,1,0
9.61502803217727e+17,1,0
9.62107005300367e+17,1,0
9.62145080957059e+17,1,0
9.6279352234777e+17,1,0
9.6310220806885e+17,1,0
9.64032540607578e+17,1,0
9.64517914400514e+17,1,0
9.65020490334179e+17,1,0
9.65186591449743e+17,1,0
9.66082355583685e+17,1,0
9.67076008267526e+17,1,0
9.67595963622855e+17,1,0
9.67815942079173e+17,1,0
9.67865794100171e+17,1,0
9.69016800489951e+17,1,0
9.70027146772079e+17,1,0
9.70202166693515e+17,1,0
9.70363492162261e+17,1,0
9.70512053466169e+17,1,0
9.70858537185366e+17,1,0
9.70910065531093e+17,1,0
9.71589626476581e+17,1,0
9.71754490381574e+17,1,0
9.84782269519872e+17,1,0
8.42079537177473e+17,1,0
9.85502465322729e+17,1,0
9.86645570545693e+17,1,0
9.96587614965645e+17,1,0
9.96763859498258e+17,1,0
9.96778245419921e+17,1,0
9.96961011033756e+17,1,0
9.97218790298604e+17,1,0
9.97450914851107e+17,1,0
9.97587992003994e+17,1,0
9.9773614428774e+17,1,0
9.97914272238842e+17,1,0
9.98221433523368e+17,1,0
9.99569354625663e+17,1,0
9.96534921941447e+17,1,0
9.99907140574695e+17,1,0
1.00019556380622e+18,1,0
1.00027982760841e+18,1,0
1.00073558171293e+18,1,0
1.00097334994883e+18,1,0
1.00127080407459e+18,1,0
1.00167324797966e+18,1,0
1.00189537402453e+18,1,0
1.00214475068897e+18,1,0
1.00254034013227e+18,1,0
1.0027350083675e+18,1,0
1.00326536383069e+18,1,0
9.99910624413929e+17,1,0
9.96404644124418e+17,1,0
9.96296163669131e+17,1,0
9.962288109986e+17,1,0
9.87345252494135e+17,1,0
9.87366255253271e+17,1,0
9.8764348549802e+17,1,0
9.87958690593493e+17,1,0
9.88565075089748e+17,1,0
9.89185458037866e+17,1,0
9.89413391021228e+17,1,0
9.89680346202505e+17,1,0
9.89840655781315e+17,1,0
9.90160215264854e+17,1,0
9.90298068682662e+17,1,0
9.90916694938796e+17,1,0
9.91271052302012e+17,1,0
9.91359381764637e+17,1,0
9.91604456667075e+17,1,0
9.91885680279142e+17,1,0
9.9236054906429e+17,1,0
9.92664216086634e+17,1,0
9.93171017265832e+17,1,0
9.93450239989236e+17,1,0
9.94206274807099e+17,1,0
9.94262035817947e+17,1,0
9.94999408067408e+17,1,0
9.95802585750745e+17,1,0
9.96206317122605e+17,1,0
9.85604833997619e+17,1,0
1.049002706592e+18,1,0
8.41964824233824e+17,1,0
8.41211030562726e+17,1,0
1038420805.0,1,0
1049905813.0,1,0
1119898332.0,1,0
1137813812.0,1,0
1163136517.0,1,0
1168117489.0,1,0
1192537388.0,1,0
1203579752.0,1,0
1215849973.0,1,0
1239301320.0,1,0
1268020274.0,1,0
1027601575.0,1,0
1280345420.0,1,0
1323090170.0,1,0
1330710012.0,1,0
1351541029.0,1,0
1367176286.0,1,0
1414993650.0,1,0
1416117216.0,1,0
1418398530.0,1,0
1461113870.0,1,0
1479588841.0,1,0
1490509014.0,1,0
1494574854.0,1,0
1281728108.0,1,0
1501428625.0,1,0
1012455104.0,1,0
928450812.0,1,0
582587232.0,1,0
583392088.0,1,0
606408402.0,1,0
617141266.0,1,0
618409446.0,1,0
622440302.0,1,0
626753542.0,1,0
632549916.0,1,0
701134364.0,1,0
750050533.0,1,0
751672278.0,1,0
1003849026.0,1,0
769330711.0,1,0
779474298.0,1,0
799098036.0,1,0
811622372.0,1,0
824395471.0,1,0
844020290.0,1,0
853932660.0,1,0
856337761.0,1,0
865601274.0,1,0
867023959.0,1,0
879594409.0,1,0
926711754.0,1,0
775326854.0,1,0
1510271863.0,1,0
1533913560.0,1,0
1614195392.0,1,0
2406285395.0,1,0
2428379622.0,1,0
2435374603.0,1,0
2464460782.0,1,0
2477557752.0,1,0
2478321702.0,1,0
2488414458.0,1,0
2494767492.0,1,0
2509870391.0,1,0
2516552528.0,1,0
2551591526.0,1,0
2374996627.0,1,0
2556152445.0,1,0
2584059936.0,1,0
2586093367.0,1,0
2611327824.0,1,0
2614596337.0,1,0
2615937245.0,1,0
2643072988.0,1,0
2657296086.0,1,0
2661599381.0,1,0
2666066953.0,1,0
2685173751.0,1,0
2700891913.0,1,0
2562903055.0,1,0
2363609382.0,1,0
2347484785.0,1,0
2346285538.0,1,0
1617098112.0,1,0
1625673109.0,1,0
1658711497.0,1,0
1678791973.0,1,1
1697359501.0,1,0
1707209209.0,1,0
1712819352.0,1,0
1717193778.0,1,0
1717451718.0,1,0
1890557610.0,1,0
1897761524.0,1,0
1910026717.0,1,0
2156379252.0,1,0
2162330958.0,1,0
2162361380.0,1,0
2175106038.0,1,0
2245665204.0,1,0
2277217783.0,1,0
2277772657.0,1,0
2287201282.0,1,0
2314267477.0,1,0
2314404984.0,1,0
2335537459.0,1,0
2340798168.0,1,0
2342395258.0,1,0
577073090.0,1,0
2748948367.0,1,0
568301300.0,1,0
547390982.0,1,0
137492798.0,1,0
139063565.0,1,0
139700027.0,1,0
140131880.0,1,0
144765198.0,1,0
144865630.0,1,0
150107008.0,1,0
154728143.0,1,0
166562436.0,1,0
167654434.0,1,0
174393158.0,1,0
135173748.0,1,0
174745880.0,1,0
181101311.0,1,0
184720627.0,1,0
191709093.0,1,0
210397879.0,1,0
215455491.0,1,0
226267912.0,1,0
226391952.0,1,0
233717189.0,1,0
234612942.0,1,0
242770160.0,1,0
245329618.0,1,0
174768808.0,1,0
254679689.0,1,0
133039721.0,1,0
113471008.0,1,0
16334480.0,1,0
18482882.0,1,0
22095916.0,1,0
23566258.0,1,0
23783028.0,1,0
28302652.0,1,0
29992617.0,1,0
33689575.0,1,0
40668474.0,1,0
42720503.0,1,0
45496402.0,1,0
121076465.0,1,0
54154654.0,1,0
60573352.0,1,0
69999211.0,1,0
73005380.0,1,0
73103274.0,1,0
75473410.0,1,0
77812194.0,1,0
82818338.0,1,0
85533089.0,1,0
87296523.0,1,0
96883951.0,1,0
97126576.0,1,0
57882435.0,1,0
256049764.0,1,0
257654645.0,1,0
258499738.0,1,0
402542245.0,1,0
402690583.0,1,0
404866909.0,1,0
405167544.0,1,0
409179380.0,1,0
422800998.0,1,0
425939204.0,1,0
429716341.0,1,0
431064886.0,1,0
462629626.0,1,0
475706566.0,1,0
402036049.0,1,0
477452538.0,1,0
495645348.0,1,0
497427647.0,1,0
507018043.0,1,0
514855944.0,1,0
520478487.0,1,0
522127114.0,1,0
525868997.0,1,0
529560459.0,1,0
531849521.0,1,0
538827690.0,1,0
546978420.0,1,0
486912521.0,1,1
397926256.0,1,0
396886576.0,1,0
391637483.0,1,0
262067868.0,1,0
264416458.0,1,0
270934811.0,1,0
272287475.0,1,0
277043933.0,1,0
284442889.0,1,0
288994506.0,1,0
293639333.0,1,0
295316264.0,1,1
297335006.0,1,0
297622363.0,1,0
304858153.0,1,0
312446680.0,1,0
320722557.0,1,0
322938706.0,1,0
325350866.0,1,0
331397332.0,1,0
346484566.0,1,0
348667755.0,1,0
353037272.0,1,0
360952072.0,1,0
363526802.0,1,0
368946255.0,1,0
377028962.0,1,0
384191614.0,1,0
562319199.0,1,0
2750299793.0,1,0
2757198958.0,1,0
2816902107.0,1,0
7.53765819679519e+17,1,0
7.54068548901868e+17,1,0
7.54352595032957e+17,1,0
7.54870862067569e+17,1,0
7.55892774071857e+17,1,0
7.58858411769336e+17,1,1
7.61289849051775e+17,1,0
7.61810761739964e+17,1,0
7.61923762447118e+17,1,0
7.62834158221537e+17,1,0
7.66625078322733e+17,1,0
7.52200237402485e+17,1,0
7.70631922200383e+17,1,0
7.71367443805503e+17,1,0
7.75501989299958e+17,1,0
7.77526762112639e+17,1,0
7.78270048133616e+17,1,0
7.82878462256087e+17,1,0
7.83735779763876e+17,1,0
7.84425530724458e+17,1,0
7.85010875186852e+17,1,0
7.86912156079882e+17,1,0
7.88785227841679e+17,1,0
7.90992137500361e+17,1,0
7.71290683931959e+17,1,0
7.93365892608381e+17,1,0
7.51637137854984e+17,1,0
7.46265100399477e+17,1,0
7.13785810408055e+17,1,0
7.14354431417061e+17,1,0
7.14424701821592e+17,1,0
7.14907881515127e+17,1,0
7.15163012840055e+17,1,0
7.16725241108701e+17,1,0
7.18391125258736e+17,1,0
7.18565554353795e+17,1,0
7.19368783614206e+17,1,0
7.19554304001098e+17,1,0
7.21752584634163e+17,1,0
7.50274199399334e+17,1,0
7.23109264185659e+17,1,0
7.23799051158852e+17,1,0
7.28934201190277e+17,1,0
7.30371198140322e+17,1,0
7.35545348513374e+17,1,0
7.36376238663598e+17,1,0
7.36985514428006e+17,1,0
7.39594331313558e+17,1,0
7.42536013986202e+17,1,0
7.44152220636086e+17,1,0
7.45058068287881e+17,1,0
7.45669293640122e+17,1,0
7.23371909182706e+17,1,0
7.94367758544708e+17,1,0
7.96017006344446e+17,1,0
7.96056111837233e+17,1,0
8.24742815297057e+17,1,0
8.25483017145627e+17,1,0
8.25852533398786e+17,1,0
8.27671073093251e+17,1,0
8.27720042406048e+17,1,0
8.28406035778044e+17,1,0
8.28655906799878e+17,1,0
8.29231491523703e+17,1,0
8.30439155146617e+17,1,0
8.30905006568116e+17,1,0
8.31718934952841e+17,1,0
8.24517619898208e+17,1,0
8.32107071881372e+17,1,0
8.33387670508302e+17,1,0
8.3341849470004e+17,1,0
8.33734713676292e+17,1,0
8.33868507171398e+17,1,0
8.33922755418403e+17,1,0
8.34757094242939e+17,1,0
8.35401127617257e+17,1,0
8.36019040950813e+17,1,0
8.38581812867777e+17,1,0
8.39507360955646e+17,1,0
8.41139953123938e+17,1,0
8.33328960897442e+17,1,0
8.21236551094911e+17,1,0
8.2103667106816e+17,1,0
8.20744845031576e+17,1,0
7.96176727710069e+17,1,0
7.99841288933675e+17,1,0
7.99996658054414e+17,1,0
8.00341183880827e+17,1,0
8.00350176460145e+17,1,0
8.02462447474905e+17,1,0
8.0361692650095e+17,1,0
8.04160599890412e+17,1,0
8.04239395964338e+17,1,0
8.07613713603764e+17,1,0
8.08146306799718e+17,1,0
8.11346597741232e+17,1,0
8.11595436129665e+17,1,0
8.1222855636951e+17,1,0
8.12381239877439e+17,1,0
8.12727361250755e+17,1,0
8.14021665894044e+17,1,0
8.14484979174425e+17,1,0
8.1744723861615e+17,1,0
8.17618885134418e+17,1,0
8.17787322657866e+17,1,0
8.17881284638745e+17,1,0
8.18316517964218e+17,1,0
8.18329390777934e+17,1,0
8.18336208367604e+17,1,0
7.1193653098256e+17,1,0
7.09572205856858e+17,1,0
7.08016671655641e+17,1,0
7.02242925179044e+17,1,0
3077991876.0,1,0
3102978610.0,1,0
3104865680.0,1,0
3108983087.0,1,0
3111452449.0,1,0
3112422136.0,1,0
3134811545.0,1,0
3144588414.0,1,0
3155856270.0,1,0
3160925723.0,1,0
3167987777.0,1,0
3074927797.0,1,0
3187279772.0,1,0
3193167441.0,1,0
3224022301.0,1,0
3229004192.0,1,0
3231916272.0,1,0
3236785434.0,1,0
3240058861.0,1,0
3240534250.0,1,0
3241220230.0,1,0
3243343986.0,1,0
3248337210.0,1,0
3259879176.0,1,0
3191455742.0,1,0
3071980856.0,1,0
3054255133.0,1,0
3053629605.0,1,0
2826070251.0,1,0
2834633064.0,1,1
2838214872.0,1,0
2845951898.0,1,0
2848649679.0,1,0
2849204527.0,1,0
2871649665.0,1,0
2898435677.0,1,0
2906027622.0,1,0
2907208703.0,1,0
2912937132.0,1,0
2921615911.0,1,0
2935323773.0,1,0
2938563116.0,1,0
2938947691.0,1,0
2961049972.0,1,0
2961214636.0,1,0
2978215352.0,1,0
2981642591.0,1,0
2982991451.0,1,0
3007833854.0,1,0
3018836932.0,1,0
3032129126.0,1,0
3033135519.0,1,0
3044473074.0,1,0
3261274775.0,1,0
8.41471752966402e+17,1,0
3266595319.0,1,0
3294793877.0,1,0
4035927619.0,1,0
4036528330.0,1,0
4076381243.0,1,0
4151492835.0,1,0
4163352267.0,1,0
4174874953.0,1,0
4240114813.0,1,0
4322180123.0,1,0
4399813581.0,1,0
4409930177.0,1,0
4428958157.0,1,0
4002538289.0,1,0
4507496666.0,1,0
4705502727.0,1,0
4708842017.0,1,0
4738495544.0,1,0
4778544687.0,1,0
4779166502.0,1,0
4815450934.0,1,0
4870853847.0,1,0
4872319653.0,1,0
4926327092.0,1,0
6.96004854465098e+17,1,0
6.99905030845915e+17,1,0
4599297612.0,1,0
3969414017.0,1,0
3940754534.0,1,0
3934897937.0,1,0
3307681625.0,1,0
3309399672.0,1,0
3311969331.0,1,0
3322513243.0,1,0
3323570443.0,1,0
3333514019.0,1,0
3345904917.0,1,0
3355353969.0,1,0
3355973201.0,1,0
3380570111.0,1,0
3387866842.0,1,0
3473391442.0,1,0
3481246095.0,1,0
3485706012.0,1,0
3496792634.0,1,0
3537638656.0,1,0
3624595461.0,1,0
3689850073.0,1,0
3745483039.0,1,0
3757195452.0,1,0
3783159443.0,1,0
3834673109.0,1,0
3851071934.0,1,0
3907297883.0,1,0
3913170255.0,1,0
3290652114.0,1,0
1.04912606912156e+18,1,0
1.04154244505645e+18,1,0
1.04979497910582e+18,1,0
1.1725715049215e+18,1,0
1.17264374296213e+18,1,0
1.17273186387986e+18,1,0
1.17285215018096e+18,1,0
1.17351694758294e+18,1,0
1.17398382528773e+18,1,0
1.17419892672506e+18,1,0
1.17465896653974e+18,1,0
1.17468708279677e+18,1,0
1.17470490087105e+18,1,0
1.17475994535243e+18,1,0
1.17219218261206e+18,1,0
1.17476770194593e+18,1,0
1.17506937053753e+18,1,0
1.17538774389282e+18,1,0
1.17543060192863e+18,1,0
1.17546502030353e+18,1,0
1.17546665794436e+18,1,0
1.17564874577548e+18,1,0
1.17602185517969e+18,1,0
1.17624406285423e+18,1,0
1.17733842855754e+18,1,0
1.17736974198556e+18,1,0
1.17744500820018e+18,1,0
1.17477143389909e+18,1,0
1.1775537635797e+18,1,0
1.17216786528318e+18,1,0
1.1721042111962e+18,1,0
1.16798339771039e+18,1,0
1.16800334862617e+18,1,0
1.16804388424652e+18,1,0
1.1681479390904e+18,1,0
1.1681585913475e+18,1,0
1.16816954236914e+18,1,0
1.1684790036211e+18,1,0
1.1684868018891e+18,1,0
1.16913355384361e+18,1,0
1.16959214201416e+18,1,0
1.16959626322815e+18,1,0
1.17213681751821e+18,1,0
1.16982741697124e+18,1,0
1.17017053821329e+18,1,0
1.17032681888213e+18,1,0
1.1703797426563e+18,1,0
1.17068967803227e+18,1,0
1.17071191327944e+18,1,0
1.17088509937575e+18,1,0
1.17108517920669e+18,1,0
1.1711954080198e+18,1,0
1.17126910762843e+18,1,0
1.17180246886861e+18,1,0
1.17195080370956e+18,1,0
1.17010878843268e+18,1,0
1.17769550722687e+18,1,0
1.17770786245947e+18,1,0
1.17778533322143e+18,1,0
1.18338346451238e+18,1,0
1.1835080021602e+18,1,0
1.18359835847843e+18,1,0
1.1837932675294e+18,1,0
1.1839694323491e+18,1,0
1.18417507863792e+18,1,0
1.18423853308869e+18,1,0
1.18467567568633e+18,1,0
1.18485906985874e+18,1,0
1.18508278319602e+18,1,0
1.18512191366158e+18,1,0
1.18307284177367e+18,1,0
1.18521218305707e+18,1,0
1.18541516094232e+18,1,0
1.18628961460606e+18,1,0
1.18675716878938e+18,1,0
1.18678772539292e+18,1,0
1.18685964228412e+18,1,0
1.18700193595977e+18,1,0
1.18702624664488e+18,1,0
1.18726065335598e+18,1,0
1.18731567512508e+18,1,0
1.18738391619121e+18,1,0
1.18739923349162e+18,1,0
1.18523131652395e+18,1,0
1.18296159039773e+18,1,0
1.1829533087278e+18,1,0
1.18285429496329e+18,1,0
1.1778166372248e+18,1,0
1.1780719542023e+18,1,0
1.17853206508974e+18,1,0
1.17856200946348e+18,1,0
1.17922375016583e+18,1,0
1.17988777321559e+18,1,0
1.18004132731401e+18,1,0
1.18007114425199e+18,1,0
1.18029348266707e+18,1,0
1.18030645961297e+18,1,0
1.18034562055015e+18,1,0
1.18074103621528e+18,1,1
1.18077887828698e+18,1,0
1.18122683998698e+18,1,0
1.18141524170135e+18,1,0
1.18147572266326e+18,1,0
1.18154101274685e+18,1,0
1.18161541485975e+18,1,1
1.18163097438103e+18,1,0
1.18194254492339e+18,1,0
1.18212227787947e+18,1,0
1.18230289954154e+18,1,0
1.18252892268193e+18,1,0
1.18262059625067e+18,1,0
1.18268123464174e+18,1,0
1.16784031894479e+18,1,0
1.16783916257934e+18,1,0
1.16770784204586e+18,1,0
1.16765039245864e+18,1,0
1.14973979579651e+18,1,0
1.14989156211496e+18,1,0
1.15005973960406e+18,1,0
1.15018456107194e+18,1,0
1.15027530584142e+18,1,0
1.15030380872496e+18,1,0
1.150451605919e+18,1,0
1.15051319033518e+18,1,0
1.15102250495933e+18,1,0
1.15126868294283e+18,1,0
1.15168142305028e+18,1,0
1.14946128009859e+18,1,0
1.15186030530107e+18,1,0
1.15257217646304e+18,1,0
1.15262252356707e+18,1,0
1.15264266719018e+18,1,0
1.15291146966052e+18,1,0
1.15316564543071e+18,1,0
1.15353198585339e+18,1,0
1.15387027113409e+18,1,0
1.15408781660892e+18,1,0
1.15414827683415e+18,1,1
1.15453652386754e+18,1,0
1.15459287098214e+18,1,0
1.15202014827174e+18,1,0
1.14910322517132e+18,1,0
1.14899263386111e+18,1,0
1.14876911631824e+18,1,0
1.14352765329663e+18,1,0
1.14354836272715e+18,1,0
1.14355290658864e+18,1,0
1.14369270297166e+18,1,0
1.14375829404303e+18,1,0
1.14389187038228e+18,1,0
1.1442217322297e+18,1,0
1.1442663321643e+18,1,0
1.14428661741223e+18,1,0
1.1457365883973e+18,1,0
1.14595328590532e+18,1,0
1.14649909116316e+18,1,0
1.14679743973668e+18,1,0
1.14692552803483e+18,1,0
1.14700889121495e+18,1,0
1.14717578098998e+18,1,0
1.14726818617955e+18,1,0
1.14743037155161e+18,1,0
1.14749755517931e+18,1,0
1.14786008196842e+18,1,0
1.04917542605523e+18,1,0
1.14810207492163e+18,1,0
1.14832320527648e+18,1,0
1.14859952355772e+18,1,0
1.14865250341794e+18,1,0
1.15460579947129e+18,1,0
1.18743365922734e+18,1,0
1.15469310804027e+18,1,0
1.15571052327236e+18,1,0
1.16283300496164e+18,1,0
1.16285383933635e+18,1,0
1.16290465540951e+18,1,0
1.16304896248122e+18,1,0
1.1632484233086e+18,1,0
1.16330875424858e+18,1,0
1.16380447996936e+18,1,0
1.16420771569197e+18,1,0
1.16450773539359e+18,1,0
1.16509006166837e+18,1,0
1.16515919917459e+18,1,0
1.16282867503069e+18,1,0
1.16572342469974e+18,1,0
1.16578348216292e+18,1,0
1.16596935829778e+18,1,0
1.16602755330112e+18,1,0
1.16635079193581e+18,1,0
1.16637905339527e+18,1,0
1.16652858693471e+18,1,0
1.16663135817065e+18,1,0
1.16668995188849e+18,1,0
1.16694315833416e+18,1,0
1.16737647388947e+18,1,0
1.16747971322647e+18,1,1
1.16577666839862e+18,1,0
1.16276418680556e+18,1,0
1.1627362237499e+18,1,0
1.16270478282751e+18,1,0
1.15598806967123e+18,1,0
1.15627148740317e+18,1,0
1.15633132875492e+18,1,0
1.15670736434041e+18,1,0
1.15700282544198e+18,1,0
1.15773977446943e+18,1,0
1.15843717665016e+18,1,0
1.15875196642971e+18,1,1
1.15884960627014e+18,1,0
1.15902960212512e+18,1,0
1.15906702987122e+18,1,0
1.15917654507388e+18,1,0
1.16022324337186e+18,1,0
1.16027169207115e+18,1,0
1.16031302030565e+18,1,0
1.16038367968174e+18,1,0
1.16057384662327e+18,1,0
1.16092189897844e+18,1,0
1.16106676054976e+18,1,0
1.16125414705377e+18,1,0
1.16148447570183e+18,1,0
1.16156887852009e+18,1,0
1.16160008641516e+18,1,0
1.16182228702222e+18,1,0
1.16190366430842e+18,1,0
1.15498875773867e+18,1,0
1.14314501981082e+18,1,0
1.1876327283106e+18,1,0
1.18819288678714e+18,1,0
1.2103405915796e+18,1,0
1.2103644601348e+18,1,0
1.21036573959046e+18,1,0
1.21041969579653e+18,1,0
1.21066208442336e+18,1,0
1.2107368094011e+18,1,0
1.21075376539907e+18,1,0
1.21085173296558e+18,1,0
1.21091190778946e+18,1,0
1.21096717172086e+18,1,0
1.21097987541624e+18,1,0
1.21023653405995e+18,1,0
1.21111874532357e+18,1,0
1.21133571978592e+18,1,0
1.21133837942339e+18,1,0
1.21134449799443e+18,1,0
1.21135323409209e+18,1,0
1.2113797302361e+18,1,0
1.21148922621204e+18,1,0
1.21148999409679e+18,1,0
1.21152085133967e+18,1,0
1.21171189007151e+18,1,0
1.21175056758999e+18,1,0
1.2118071545643e+18,1,0
1.21120552411438e+18,1,1
1.21188684701139e+18,1,0
1.21004713146311e+18,1,0
1.20992101931147e+18,1,0
1.20646854055276e+18,1,0
1.20662117466443e+18,1,0
1.20693369793026e+18,1,0
1.20702615334681e+18,1,0
1.20702911938241e+18,1,0
1.20738448956485e+18,1,0
1.20771113121892e+18,1,0
1.20771530247941e+18,1,0
1.20780887902484e+18,1,0
1.20787496768316e+18,1,0
1.20792423252658e+18,1,0
1.21001398791336e+18,1,0
1.20800395549981e+18,1,0
1.20817601298869e+18,1,0
1.20875225225868e+18,1,0
1.20880754463579e+18,1,0
1.20883737161516e+18,1,0
1.20896373177582e+18,1,0
1.2091337459591e+18,1,0
1.20929677669753e+18,1,0
1.20950461308422e+18,1,0
1.20969618202223e+18,1,0
1.20973876544856e+18,1,0
1.20983082639496e+18,1,0
1.20805511310272e+18,1,0
1.21226455232836e+18,1,0
1.21228292098912e+18,1,0
1.21263518698835e+18,1,0
1.21635054031503e+18,1,0
1.21637056673251e+18,1,0
1.21650442129266e+18,1,0
1.21678826105974e+18,1,0
1.21686752000036e+18,1,0
1.21692033934889e+18,1,0
1.2176235001831e+18,1,0
1.2177287366e+18,1,0
1.21783151057057e+18,1,0
1.21799120565462e+18,1,0
1.21840217806424e+18,1,0
1.21620707327856e+18,1,0
1.21841573346753e+18,1,0
1.21887514847378e+18,1,0
1.2188969592029e+18,1,0
1.21890364198728e+18,1,0
1.21903529918096e+18,1,0
1.21904493429834e+18,1,0
1.2193064904329e+18,1,0
1.21970654123174e+18,1,0
1.21975407426811e+18,1,0
1.2199772789117e+18,1,0
1.22002258813674e+18,1,0
1.22013666968652e+18,1,0
1.21881596207959e+18,1,0
1.21619458734293e+18,1,0
1.21605451695452e+18,1,0
1.2160012810236e+18,1,0
1.21291543926256e+18,1,0
1.21292186733122e+18,1,0
1.21292381121497e+18,1,0
1.21293384590274e+18,1,0
1.21302442578569e+18,1,0
1.21310359871795e+18,1,0
1.21320719506139e+18,1,0
1.21354524860274e+18,1,0
1.2136028689193e+18,1,0
1.21364101725925e+18,1,0
1.21369555899019e+18,1,1
1.21370409676866e+18,1,0
1.2138726573613e+18,1,0
1.21404989197601e+18,1,0
1.21446232344576e+18,1,0
1.21450783325912e+18,1,0
1.2147674536008e+18,1,1
1.21493312889401e+18,1,0
1.21499801548173e+18,1,0
1.21530694967752e+18,1,0
1.21532467161438e+18,1,0
1.21537580059106e+18,1,0
1.21538101681218e+18,1,0
1.21569677268681e+18,1,0
1.21589977046144e+18,1,0
1.206283927952e+18,1,0
1.20624911009896e+18,1,0
1.20623653588176e+18,1,0
1.20608338875663e+18,1,0
1.1937468927961e+18,1,0
1.19397126138419e+18,1,0
1.19409887037807e+18,1,0
1.19417016873943e+18,1,0
1.19420597106667e+18,1,0
1.19439264140997e+18,1,0
1.19441849335518e+18,1,0
1.19441941357288e+18,1,0
1.19460336424537e+18,1,0
1.19463032578512e+18,1,0
1.19482470478529e+18,1,0
1.19354380987695e+18,1,0
1.19497729693704e+18,1,0
1.19503717640624e+18,1,0
1.19540103773098e+18,1,0
1.19592138303058e+18,1,0
1.19615499819279e+18,1,0
1.19618594978651e+18,1,0
1.19627658661547e+18,1,0
1.19635688817207e+18,1,0
1.19644004812583e+18,1,0
1.19646399579392e+18,1,0
1.19650802925402e+18,1,0
1.19662650726913e+18,1,0
1.19501407702354e+18,1,1
1.19337528724708e+18,1,0
1.19328383160601e+18,1,0
1.19304067721232e+18,1,0
1.18845587023495e+18,1,0
1.18863724514368e+18,1,0
1.18870901518812e+18,1,0
1.18884400311615e+18,1,0
1.18899143667665e+18,1,0
1.18923311303073e+18,1,0
1.18992015090194e+18,1,0
1.19045985113207e+18,1,0
1.19072296138222e+18,1,0
1.19090137875712e+18,1,0
1.19109522462339e+18,1,0
1.19119837296462e+18,1,0
1.19134595234008e+18,1,0
1.1913578851685e+18,1,0
1.19138565667047e+18,1,0
1.19146744823237e+18,1,0
1.19154946522982e+18,1,0
1.19166499014863e+18,1,0
1.1921166387761e+18,1,0
1.19214969481591e+18,1,0
1.19246184094245e+18,1,0
1.19247012608949e+18,1,0
1.19279203721861e+18,1,0
1.19284747167802e+18,1,0
1.1929356570579e+18,1,0
1.19671875533564e+18,1,0
1.18808109197589e+18,1,0
1.19703391950734e+18,1,0
1.19717011904e+18,1,0
1.20171050082596e+18,1,0
1.20175380567664e+18,1,0
1.20190096533648e+18,1,0
1.20242949076652e+18,1,0
1.20250737115244e+18,1,0
1.20258974253085e+18,1,0
1.20263994972965e+18,1,0
1.20270353622154e+18,1,0
1.20289560940717e+18,1,0
1.20307048860559e+18,1,0
1.20314688039123e+18,1,0
1.20136595827676e+18,1,0
1.20318431887456e+18,1,0
1.20333930969842e+18,1,0
1.20334227245822e+18,1,0
1.2041886610442e+18,1,0
1.20490238173083e+18,1,0
1.20518382751946e+18,1,0
1.20541414856744e+18,1,0
1.205428104078e+18,1,0
1.20550013194625e+18,1,0
1.20584721365552e+18,1,0
1.20600602685778e+18,1,0
1.20602899719433e+18,1,0
1.20325621930715e+18,1,0
1.20133387770638e+18,1,0
1.2009150088903e+18,1,0
1.20088161501628e+18,1,0
1.19718938096567e+18,1,0
1.1972115455848e+18,1,0
1.19732794049053e+18,1,0
1.19741484690982e+18,1,0
1.19749237603557e+18,1,0
1.1977447317045e+18,1,0
1.19803526765273e+18,1,0
1.19827045809905e+18,1,0
1.1985920066808e+18,1,0
1.19871557482367e+18,1,0
1.19875431173333e+18,1,0
1.19875497472274e+18,1,0
1.19880265591473e+18,1,0
1.19894950108146e+18,1,0
1.19906635886198e+18,1,0
1.19933950301132e+18,1,0
1.19936659422226e+18,1,0
1.1996752511451e+18,1,0
1.19991758505727e+18,1,1
1.20009462968691e+18,1,0
1.2004975308296e+18,1,0
1.20050105497201e+18,1,0
1.20072679652379e+18,1,0
1.20072955782269e+18,1,0
1.20077724508782e+18,1,0
1.19706214710213e+18,1,0
1.14252888816323e+18,1,0
1.14791883639978e+18,1,0
1.14130978325075e+18,1,0
1.0887781527871e+18,1,0
1.08886861934846e+18,1,0
1.08895057953001e+18,1,0
1.08897394671899e+18,1,0
1.08946141371671e+18,1,0
1.08960226111696e+18,1,0
1.08980091541287e+18,1,0
1.08998916065032e+18,1,0
1.09004838449968e+18,1,0
1.09024689411722e+18,1,0
1.09041655039653e+18,1,0
1.08865450129103e+18,1,0
1.09042684919946e+18,1,0
1.09059971581578e+18,1,0
1.09099050357376e+18,1,0
1.09152747018301e+18,1,0
1.0918040481169e+18,1,0
1.09184922677302e+18,1,0
1.09206876621579e+18,1,0
1.09213275584705e+18,1,0
1.09241155347805e+18,1,0
1.09267663945497e+18,1,0
1.09279734045126e+18,1,0
1.09286529054169e+18,1,0
1.09059931301998e+18,1,0
1.09298838151082e+18,1,0
1.0885354621999e+18,1,0
1.0873725886644e+18,1,0
1.07963793035889e+18,1,0
1.08000093985809e+18,1,0
1.08050821259038e+18,1,0
1.08084545366567e+18,1,0
1.08084645355408e+18,1,0
1.08116357142019e+18,1,0
1.08177991463688e+18,1,0
1.08303701726348e+18,1,0
1.0831765227296e+18,1,0
1.08323305887305e+18,1,0
1.08331291918034e+18,1,0
1.08804337564586e+18,1,0
1.0833717480729e+18,1,0
1.08363843392536e+18,1,0
1.08372759092845e+18,1,0
1.08380825022568e+18,1,0
1.08441844554487e+18,1,0
1.08578910434694e+18,1,0
1.08607345335711e+18,1,0
1.08609549764597e+18,1,0
1.08647802702485e+18,1,0
1.08672161110391e+18,1,0
1.08682416642512e+18,1,0
1.08702722824278e+18,1,0
1.08357382959349e+18,1,0
1.07954654070275e+18,1,0
1.09334974653263e+18,1,1
1.09409037093633e+18,1,0
1.10036492271686e+18,1,1
1.1421902462197e+18,1,0
1.10145988758057e+18,1,0
1.10151303431131e+18,1,0
1.10290199720268e+18,1,0
1.10306367162487e+18,1,0
1.10309823261005e+18,1,0
1.10312733448645e+18,1,0
1.10313302734384e+18,1,0
1.10426980386111e+18,1,0
1.10443205502111e+18,1,0
1.10017042032878e+18,1,0
1.10527922383565e+18,1,0
1.10556176440877e+18,1,0
1.10649370811803e+18,1,0
1.1067450106812e+18,1,0
1.10714931314089e+18,1,0
1.10730636062928e+18,1,0
1.10740659175258e+18,1,0
1.10750700313021e+18,1,0
1.10757679483037e+18,1,0
1.1077502970096e+18,1,0
1.10802251084568e+18,1,0
1.10820166377975e+18,1,0
1.10544927551998e+18,1,0
1.09397390587275e+18,1,0
1.09975655880691e+18,1,0
1.09923721829869e+18,1,0
1.09409793644998e+18,1,0
1.09420992848965e+18,1,0
1.09461328460137e+18,1,0
1.09477029468887e+18,1,0
1.09477829870871e+18,1,0
1.09488442938467e+18,1,0
1.09488879182993e+18,1,0
1.0949998898245e+18,1,0
1.09516871077019e+18,1,0
1.09532230817938e+18,1,0
1.09537278054622e+18,1,0
1.09939842964044e+18,1,0
1.09581427805624e+18,1,0
1.09594595424145e+18,1,0
1.095953356798e+18,1,0
1.09694038940614e+18,1,0
1.0971586051057e+18,1,0
1.09720072655449e+18,1,0
1.09728825828995e+18,1,0
1.09733479520448e+18,1,0
1.09800166819555e+18,1,0
1.0985682710524e+18,1,0
1.09877582867702e+18,1,0
1.0987910819305e+18,1,0
1.09588071940095e+18,1,0
1.07941023592682e+18,1,0
1.07939445989543e+18,1,0
1.07939229675864e+18,1,0
1.05625394570053e+18,1,0
1.05653171151156e+18,1,0
1.05685472077256e+18,1,0
1.05780903109439e+18,1,0
1.0579244020278e+18,1,0
1.05815145165284e+18,1,0
1.05832415423814e+18,1,0
1.0583441826103e+18,1,0
1.0583509476493e+18,1,0
1.05845508973467e+18,1,0
1.05852453175995e+18,1,0
1.05610638330789e+18,1,0
1.05895579767203e+18,1,0
1.05943727506541e+18,1,0
1.06000003742878e+18,1,0
1.06049912236761e+18,1,0
1.06071757865659e+18,1,0
1.06119979009092e+18,1,0
1.06133221108814e+18,1,0
1.0613829279956e+18,1,0
1.0616600556139e+18,1,0
1.06173088837389e+18,1,0
1.06174362731405e+18,1,0
1.06231714188458e+18,1,0
1.05918475658224e+18,1,0
1.06296652247216e+18,1,0
1.05607500577423e+18,1,0
1.05445123798125e+18,1,0
1.04982058511784e+18,1,0
1.04982995701746e+18,1,0
1.04988186949025e+18,1,0
1.05032050974788e+18,1,0
1.05037106694457e+18,1,0
1.05075391436089e+18,1,0
1.05086698492821e+18,1,0
1.05091061466573e+18,1,0
1.05101178222194e+18,1,0
1.05106921986384e+18,1,0
1.05112781936596e+18,1,1
1.05485791568799e+18,1,0
1.05121306497093e+18,1,0
1.05160082173196e+18,1,0
1.05164503258594e+18,1,0
1.0520314214377e+18,1,0
1.05203820819886e+18,1,0
1.05255756985047e+18,1,0
1.05300510670093e+18,1,0
1.05325130668356e+18,1,0
1.0537388138629e+18,1,0
1.05382600343532e+18,1,0
1.05412657747324e+18,1,0
1.05425286305496e+18,1,0
1.05145972743831e+18,1,0
1.06305448268526e+18,1,0
1.06307780342643e+18,1,0
1.06334109743745e+18,1,0
1.07335164940876e+18,1,0
1.07415385882853e+18,1,0
1.07466290830973e+18,1,0
1.07477364926413e+18,1,0
1.07486194224467e+18,1,0
1.07606538814697e+18,1,0
1.07639300849551e+18,1,0
1.07642763220233e+18,1,0
1.07758830322482e+18,1,0
1.07760657842403e+18,1,0
1.07772845570855e+18,1,0
1.07325093085688e+18,1,0
1.07824756540825e+18,1,0
1.07885607263763e+18,1,0
1.07886249118943e+18,1,0
1.07886489561198e+18,1,0
1.07891564298677e+18,1,0
1.07898542433545e+18,1,0
1.07909093153247e+18,1,0
1.07915742005457e+18,1,0
1.07918274085825e+18,1,0
1.07928295022975e+18,1,0
1.07935462482433e+18,1,0
1.07936491651404e+18,1,0
1.07847493148105e+18,1,0
1.07285112135644e+18,1,0
1.07280781945843e+18,1,0
1.07250539961237e+18,1,0
1.06411503371238e+18,1,0
1.06494213731225e+18,1,0
1.06539362500416e+18,1,0
1.06570707623053e+18,1,0
1.0662607059118e+18,1,0
1.06635872811344e+18,1,0
1.0674157463078e+18,1,0
1.06753557935158e+18,1,0
1.06791176657376e+18,1,0
1.0682403820504e+18,1,0
1.06841156927146e+18,1,0
1.06871030988247e+18,1,0
1.06900611473234e+18,1,0
1.06911580309663e+18,1,0
1.06925797095182e+18,1,0
1.06952966466047e+18,1,0
1.06961164282303e+18,1,0
1.06962001472511e+18,1,0
1.06980306826971e+18,1,0
1.07053649658161e+18,1,0
1.07076118923439e+18,1,0
1.07115950910262e+18,1,0
1.07116823489491e+18,1,0
1.07197854226156e+18,1,0
1.0720412562372e+18,1,0
1.10835478512249e+18,1,0
1.10868691043475e+18,1,0
1.10107354853211e+18,1,0
1.10946388064688e+18,1,0
1.12667039519151e+18,1,0
1.12699710971306e+18,1,0
1.12707830825906e+18,1,0
1.12731139264471e+18,1,0
1.12744952487044e+18,1,0
1.12746967409295e+18,1,0
1.12781510611547e+18,1,0
1.12788087387184e+18,1,0
1.12800476921209e+18,1,0
1.12822450453296e+18,1,0
1.12835403632599e+18,1,0
1.12868819123234e+18,1,0
1.12869932919828e+18,1,0
1.12889352398037e+18,1,0
1.12908986865363e+18,1,0
1.12924292208214e+18,1,0
1.12942063408425e+18,1,0
1.13017687586156e+18,1,0
1.13035119054025e+18,1,0
1.13043528526992e+18,1,0
1.13056189207274e+18,1,0
1.13073438344534e+18,1,0
1.13132883778501e+18,1,0
1.12602873726965e+18,1,0
1.13227113714706e+18,1,0
1.12584076729618e+18,1,0
1.12526485511447e+18,1,0
1.12119808441796e+18,1,0
1.12120732040957e+18,1,0
1.12125602962968e+18,1,0
1.12127980486149e+18,1,0
1.1212811134844e+18,1,0
1.12155532546152e+18,1,0
1.12208164827777e+18,1,0
1.12247192505628e+18,1,0
1.12248143782588e+18,1,0
1.12253282799051e+18,1,0
1.12266344818854e+18,1,0
1.12276878855688e+18,1,0
1.1230175627056e+18,1,0
1.12314445738832e+18,1,0
1.12315445509917e+18,1,0
1.12315655224275e+18,1,0
1.12319161130165e+18,1,0
1.12320571991681e+18,1,0
1.10939708550837e+18,1,0
1.12365508904921e+18,1,0
1.12365725827622e+18,1,0
1.12407924961756e+18,1,0
1.12431534357537e+18,1,0
1.12536046556598e+18,1,0
1.12109187905803e+18,1,0
1.13228059942157e+18,1,0
1.13278791134929e+18,1,0
1.13734032104442e+18,1,0
1.13737558386696e+18,1,0
1.13751128893689e+18,1,0
1.13792623522347e+18,1,0
1.13792814166879e+18,1,0
1.13797885385744e+18,1,0
1.13802350398943e+18,1,0
1.13804715540138e+18,1,0
1.13806011478555e+18,1,0
1.13808601691959e+18,1,0
1.13824021854758e+18,1,0
1.1385315625496e+18,1,0
1.13867995680694e+18,1,0
1.13874625084348e+18,1,0
1.13885720140421e+18,1,0
1.1390010907567e+18,1,0
1.13957584553684e+18,1,0
1.1397507117999e+18,1,0
1.14037729777573e+18,1,0
1.14045151779695e+18,1,0
1.14105851343693e+18,1,0
1.14108370379752e+18,1,0
1.14117184180692e+18,1,0
1.13732580032629e+18,1,0
1.13252111545104e+18,1,0
1.13707047109715e+18,1,0
1.13688724308228e+18,1,0
1.13287148212244e+18,1,0
1.13293574776431e+18,1,0
1.13298937672659e+18,1,0
1.13312511607261e+18,1,0
1.13324198909943e+18,1,0
1.13342236254269e+18,1,0
1.13349037308974e+18,1,0
1.13350638481596e+18,1,0
1.13393706847488e+18,1,0
1.13413693128407e+18,1,0
1.1347272214096e+18,1,0
1.13486382398944e+18,1,0
1.13513318888229e+18,1,0
1.13536382371042e+18,1,0
1.13552522299034e+18,1,0
1.13595591443813e+18,1,0
1.13604859610347e+18,1,0
1.13606130968482e+18,1,0
1.13611181364344e+18,1,0
1.13611762284239e+18,1,0
1.13613711135733e+18,1,0
1.13647816039515e+18,1,0
1.13668419433002e+18,1,0
1.13700346593332e+18,1,0
1.12107230889274e+18,1,0
1.12357067056945e+18,1,0
1.12089847612289e+18,1,0
1.11396225415882e+18,1,0
1.11417836440155e+18,1,0
1.11457201421421e+18,1,0
1.11464438448887e+18,1,0
1.11464927253907e+18,1,0
1.1147088253559e+18,1,0
1.11498002887649e+18,1,0
1.11502808751777e+18,1,0
1.12105067645536e+18,1,0
1.11502945549017e+18,1,0
1.11393091345111e+18,1,0
1.1151249546373e+18,1,0
1.11562585308429e+18,1,0
1.11666545317304e+18,1,0
1.11674201900999e+18,1,1
1.11701699670759e+18,1,0
1.11713399249752e+18,1,0
1.1175644562073e+18,1,0
1.11758816778624e+18,1,0
1.11770135942653e+18,1,1
1.11856117299781e+18,1,0
1.11857091842961e+18,1,0
1.11556799423768e+18,1,0
1.11387225422239e+18,1,0
1.11381349622598e+18,1,0
1.11369485975004e+18,1,0
1.10955686380328e+18,1,1
1.10964828145657e+18,1,0
1.10979103642173e+18,1,0
1.1098322792982e+18,1,0
1.1099681503245e+18,1,0
1.10998988020401e+18,1,0
1.11019049667519e+18,1,0
1.11030592960881e+18,1,0
1.1103739977562e+18,1,0
1.11053604055985e+18,1,0
1.11096770360121e+18,1,0
1.11115224361131e+18,1,0
1.11190054437155e+18,1,0
1.11222142818142e+18,1,0
1.11238395963e+18,1,0
1.11278377990543e+18,1,0
1.11290338211979e+18,1,0
1.11304236523145e+18,1,0
1.11333379189902e+18,1,0
1.11339346802012e+18,1,0
1.11342966874773e+18,1,0
1.11343531548054e+18,1,0
1.11344406953384e+18,1,0
1.11867877682766e+18,1,0
1.11888284572269e+18,1,0
1.33465596098453e+18,1,0
1.11985632976857e+18,1,0
1.11894119743358e+18,1,0
1.12047609792003e+18,1,0
1.12050615650031e+18,1,0
1.12031690019651e+18,1,0
1.11940273617115e+18,1,0
1.11944627843212e+18,1,0
1.12022611582863e+18,1,0
1.11938635917978e+18,1,0
1.11953060317764e+18,1,0
1.12049960425926e+18,1,0
1.12059347557186e+18,1,0
1.12078693281503e+18,1,0
1.12085941273694e+18,1,0
1.11993577959201e+18,1,0
1.11966260695915e+18,1,0
1.11983392748761e+18,1,0
1.0604820349787e+18,2,0
1.31670639752281e+18,2,0
1.3012027867601e+18,2,0
1.30100299846696e+18,2,0
1.03816837818219e+18,2,0
1.30549128782772e+18,2,0
1.21434433140381e+18,2,0
1.26454029403436e+18,2,0
1.16706484190077e+18,2,0
3314861630.0,2,0
1.26401053280746e+18,2,0
1.32811331233326e+18,2,0
9.68252496664699e+17,2,0
1.20185698600817e+18,2,0
1.2508717419389e+18,2,0
1.20078028599174e+18,2,0
1.3125864760859e+18,2,0
1.30649368125223e+18,2,0
1.08887704001783e+18,2,0
1.30637223331362e+18,2,0
24562340.0,2,0
1.21916696358845e+18,2,0
1.14384367441911e+18,2,0
1.27851195140492e+18,2,0
9.91322134512218e+17,2,0
1.30734136514399e+18,2,0
1.30749421284213e+18,2,0
1.13754473459798e+18,2,0
1.30603459762546e+18,2,0
9.96487388850475e+17,2,0
1.27287818768128e+18,2,0
1.30599166460398e+18,2,0
1.2729145574349e+18,2,0
84463316.0,2,0
9.19681625952223e+17,2,0
1.11120512878096e+18,2,0
110820524.0,2,0
1.13804668548394e+18,2,1
1.05448435141987e+18,2,0
1.04564141961078e+18,2,0
1.08097754046913e+18,2,0
7.82055589987881e+17,2,0
1.29533509691707e+18,2,0
1.1910542436644e+18,2,0
1.29870996438758e+18,2,0
1.31001413418489e+18,2,0
1.26801388798473e+18,2,0
1.32408790035568e+18,2,0
1.27688987808971e+18,2,0
1.07120288396033e+18,2,0
1.25816280164367e+18,2,0
1.19385264223937e+18,2,0
1.32390504548249e+18,2,0
1.27076019402124e+18,2,0
1.00605726869198e+18,2,0
1.27052080627211e+18,2,0
1.20882193026822e+18,2,0
1.29982683408812e+18,2,0
9.126159793514e+17,2,0
1.29390644810828e+18,2,0
1.2997101064231e+18,2,0
1.31092957506565e+18,2,0
1.28051023952004e+18,2,0
2322986689.0,2,0
1.23653549842601e+18,2,0
1.16371339073864e+18,2,0
1.32490396010958e+18,2,0
1.24569267964142e+18,2,0
1.09138923663121e+18,2,0
1.29523747085067e+18,2,0
1.19679811548504e+18,2,0
1.2826403120205e+18,2,0
1.27136410750604e+18,2,0
1.28869632881039e+18,2,0
1.19179571754466e+18,2,0
1911742807.0,2,0
1.2515635030156e+18,2,0
1.30157747289977e+18,2,0
1.29152057183495e+18,2,0
8.98255706423534e+17,2,0
1.31809465978097e+18,2,0
1.2817866088118e+18,2,0
1.298605670523e+18,2,0
1.15678719784195e+18,2,0
1.25717350158199e+18,2,0
1.23218086386308e+18,2,0
8.99126781936054e+17,2,0
1.25200686297672e+18,2,0
1.15810610508968e+18,2,0
1.26543202286177e+18,3,0
1.12694906184681e+18,3,0
4716633747.0,3,0
1.30847363219323e+18,4,0
1.24122707420507e+18,7,0
1.31736246461113e+18,14,0
1.32469696065851e+18,23,0
1.32011713952582e+18,28,0
1.32011909238118e+18,33,0
1.32012374642696e+18,33,0
1.19592699245092e+18,33,0
1.32012245388518e+18,38,0
1.15187778904755e+18,62,0
